0.07833566
0.026744563
-0.024524186
-0.015347283
-0.014118161
-0.018159863
-0.04188716
-0.0427547
-0.061099786
-0.07821649
-0.03446885
0.020621333
0.12508754
0.19663633
0.26779428
0.26142517
0.23552336
0.23944996
0.25669447
0.1814006
0.14207157
0.15314183
0.110052094
0.10589008
0.107784644
0.13000725
0.08105253
0.08206868
0.060098592
0.060986694
0.079186365
0.021263462
-0.016666088
-0.025513504
-0.020593856
0.007333543
0.013716299
0.027773645
0.041925307
0.067678094
0.07738745
0.095913455
0.06597802
0.00045998767
-0.03956848
-0.10166927
-0.10570143
0.004245531
0.06479463
0.077086926
-0.054708805
-0.15133555
-0.16775659
-0.16559534
-0.124403104
-0.06777425
0.0022645108
-0.0053551905
-0.026365448
0.009823877
-0.033572275
-0.10099104
-0.10735983
-0.124246866
-0.13278364
-0.13644722
-0.12996212
-0.121073425
-0.14951067
-0.14378852
-0.12797534
-0.13545477
-0.16673397
-0.09675792
-0.05068508
-0.09554581
-0.15127215
-0.14834866
-0.15216056
-0.1533251
-0.13703616
-0.11653921
-0.104046345
-0.08407295
-0.05343585
-0.05245788
-0.058991138
-0.072507635
-0.118241906
-0.16679907
-0.13942721
-0.09041445
-0.2604994
-0.1482957
-0.17638521
-0.15808949
-0.16578002
-0.13923752
-0.110299274
-0.092816696
-0.090339065
-0.119640514
-0.1868152
-0.17122385
-0.14395076
-0.10440782
-0.07874879
-0.06333746
-0.037693586
-0.050733384
-0.08374809
-0.06943658
-0.08429548
-0.101111114
-0.05385806
-0.066259295
-0.028448071
-0.02677888
-0.003233049
-0.015217904
-0.039409693
-0.07268858
-0.048780065
-0.07856728
-0.075693935
-0.07346627
-0.045043323
-0.09777543
-0.11203197
-0.13378796
-0.12537865
-0.13696554
-0.16890502
-0.14387967
-0.1386897
-0.11131045
-0.14245802
-0.06706929
-0.14231089
-0.11661495
-0.11446974
0.03932287
-0.13532886
-0.035640437
-0.040091444
0.022609603
-0.15452296
0.007446166
-0.025789645
-0.015688341
-0.19734098
-0.08968195
-0.009964097
0.08225198
0.15613097
0.2970253
0.32364765
0.3501488
0.3710436
0.3447204
0.38368368
0.39319637
0.38289315
0.4322833
0.4304165
0.42788622
0.43549415
0.403334
0.34027493
0.34315705
0.3611542
0.3504897
0.39057484
0.3585914
0.3843624
0.37522945
0.38818815
0.39539412
0.41171622
0.39127925
0.40190646
0.38814232
0.37884447
0.35794356
0.3812523
0.4041244
0.40653834
0.42965934
0.42237467
0.411329
0.40759662
0.42268845
0.39596608
0.41993263
0.43834695
0.45209962
0.43827474
0.4355716
0.4389309
0.43244305
0.40153602
0.41233405
0.40986764
0.4012079
0.40085718
0.3878868
0.40268463
0.4249741
0.43903401
0.45204777
0.42376742
0.44038424
0.4454828
0.42650464
0.44262686
0.43033364
0.40454432
0.40557802
0.3944203
0.41183648
0.41674075
0.3783882
0.3827164
0.39267308
0.4096044
0.3932736
0.41204935
0.39092743
0.37784156
0.38009217
0.3487961
0.3590823
0.39558747
0.38313484
0.36958203
0.37336323
0.3741592
0.3585302
0.3141309
0.30669913
0.31931922
0.3592346
0.45386145
0.02487937
0.32799578
0.33051494
0.3229632
0.36174384
0.37600818
0.3709878
0.37891138
0.38500634
0.403569
0.38207904
0.3860947
0.34290817
0.37898436
0.3806813
0.3731725
0.38432333
0.374522
0.35990474
0.35454285
0.35781798
0.37153116
0.36730173
0.382226
0.3741705
0.3743466
0.35273647
0.3749222
0.32990262
0.33530375
0.28962147
0.33717
0.34791222
0.4141493
0.4631899
0.46161768
0.4714764
0.48124605
0.4847112
0.51271045
0.50217414
0.53413796
0.54487014
0.54502004
0.5450975
0.5602663
0.5506916
0.54987454
0.5508141
0.5350354
0.38486162
0.34919745
0.3224967
0.3370708
0.30337265
0.28613853
0.24323891
0.19970705
0.20661856
0.23729588
0.2577926
0.2898133
0.30761173
0.22917098
0.18268973
0.07190831
0.1510583
0.13235584
0.21616639
0.28515375
0.39190224
0.3091726
0.15685545
0.15852317
0.15778299
0.1789177
0.35028765
0.2964469
0.26757756
0.27063614
0.3450441
0.24366425
0.36168155
0.3048133
0.33751783
0.2976364
0.2800756
0.23111886
0.24506512
0.26830307
0.2889605
0.30190483
0.32146272
0.31554654
0.2672024
0.25961727
0.25534216
0.24267548
0.23214534
0.1838037
0.19957507
0.14387572
0.15440941
0.109935194
0.14372455
0.1697802
0.18031618
0.20477116
0.22733057
0.23346551
0.21880984
0.25029984
0.23533319
0.21717721
0.23517528
0.2397086
0.23992911
0.25445735
0.24550933
0.27189067
0.24332108
0.25594428
0.27935725
0.2998471
0.31417605
0.31280524
0.31350878
0.32168275
0.32460678
0.33317
0.31530708
0.33213788
0.3254099
0.2946116
0.17814249
0.16349858
0.19611312
0.25145388
0.26059806
0.2828587
0.26357096
0.29487494
0.25979552
0.23960768
0.26046795
0.2710506
0.27763584
0.29882714
0.2778917
0.27078673
0.24980313
0.25652283
0.24011259
0.2514152
0.23876888
0.244842
0.22229299
0.1934398
0.17707315
0.19444679
0.19295503
0.20109269
0.1946083
0.16297878
0.18448476
0.19891962
0.19253072
0.19605717
0.20366693
0.18165384
0.17728226
0.18378347
0.16974518
0.17580342
0.17711806
0.15174383
0.17227723
0.18181208
0.1854159
0.18007731
0.1732203
0.16845182
0.14157742
0.14843652
0.121166766
0.13206334
0.13235748
0.10859841
0.08930482
0.10837595
0.14522189
0.15712354
0.15613265
0.15510978
0.14060038
0.13309617
0.12581387
0.10947949
0.10386439
0.110113546
0.12626423
0.11381222
0.13500628
0.111692816
0.15074578
0.1629607
0.16949815
0.16840497
0.16463993
0.15407264
0.14925005
0.13636251
0.14845613
0.15430151
0.13790973
0.14648296
0.14151897
0.12836306
0.15510526
0.16864984
0.20814037
0.19523056
0.29640362
0.29213402
0.2867432
0.26686823
0.22960337
0.28342575
0.2960282
0.30575293
0.29851893
0.24081872
0.2143214
0.22226378
0.18327916
0.18678996
0.18729591
0.18057756
0.28903425
0.29893178
0.25632623
0.123869315
0.051545504
0.1679317
0.1812635
0.20977624
0.16097566
0.0660409
0.00357854
0.10333812
0.06415716
0.027737487
0.119816855
0.10350937
-0.091677144
0.0068318583
0.04124615
0.13534705
0.23405227
0.18981114
0.09174165
0.072339
0.15828535
0.3110596
0.3419806
0.29778033
0.08403106
-0.082944125
-0.20557341
-0.13998
-0.14325705
-0.14631143
-0.16246775
-0.089640886
-0.05940957
-0.09375557
-0.07424168
-0.08658384
-0.163882
-0.1532257
-0.162916
-0.20293306
-0.1941604
-0.2198644
-0.22778466
-0.21492893
-0.18857066
-0.19328696
-0.21103558
-0.22685984
-0.22580665
-0.19559264
-0.20156473
-0.19965635
-0.18985118
-0.17869921
-0.17741022
-0.15370195
-0.16933998
-0.1983876
-0.23113886
-0.20970014
-0.22748488
-0.2209908
-0.23099819
-0.196657
-0.19952144
-0.16951594
-0.17569141
-0.1874041
-0.19518194
-0.21515954
-0.23158938
-0.20643164
-0.24628946
-0.22634283
-0.21371719
-0.20974341
-0.21014747
-0.25510046
-0.26406547
-0.26664588
-0.27163944
-0.25765225
-0.24485591
-0.24045894
-0.24402645
-0.22890148
-0.24317893
-0.26082638
-0.26083475
-0.25388435
-0.24415204
-0.23431906
-0.24316606
-0.23695919
-0.26489463
-0.26485148
-0.2608646
-0.2545353
-0.23421922
-0.19194023
-0.1254366
-0.09891251
-0.078234315
-0.099549904
-0.13040823
-0.11379968
-0.12702124
-0.12944685
-0.12732221
-0.15354028
-0.14005914
-0.13729678
-0.1494078
-0.147175
-0.16297689
-0.14913535
-0.17395979
-0.19814622
-0.21374848
-0.19303349
-0.17971042
-0.08732277
-0.009503227
0.046688918
0.037626218
0.09530383
0.11707048
0.18359464
0.2468661
0.40722337
0.29847327
0.23575667
0.23238908
0.2212102
0.19890139
0.19744152
0.17827287
0.14353843
0.1705723
0.16827795
0.16617262
0.122948095
0.14445755
0.2068755
0.30098218
0.43105307
0.40495527
0.3110831
0.37662226
0.32411662
0.29716703
0.3179456
0.314738
0.28690735
0.26435176
0.2183232
0.19146113
0.17019445
0.16341873
0.16519228
0.14607958
0.13358313
0.092996165
0.10302599
0.11872375
0.07887073
0.07649806
0.0917128
0.06479508
0.068215564
0.038092252
0.031622496
0.021535292
0.027113963
0.023832727
0.027744118
0.028552365
0.06880346
0.103644714
0.08990909
0.08551648
0.06630255
0.051057328
0.03878824
0.033262696
0.037370916
0.05113111
0.050942365
0.016587328
0.05679098
0.0405475
0.04388809
0.058932986
0.032936703
0.031178337
0.026310246
0.021257605
0.012761839
0.0065995455
0.018366203
-0.0014932342
-0.003490042
0.0073156133
-0.0042870343
0.0040703826
-0.024494652
0.008903317
0.010841366
0.016376588
0.035097454
0.013000835
0.015059445
0.03390978
0.04121303
0.020150315
0.022349153
0.027862214
0.046514522
0.034101874
0.033552583
0.014185894
-0.030428719
-0.06109279
-0.069252074
-0.06782296
-0.060687583
-0.07150231
-0.026487458
0.032482803
0.112700805
0.13087101
0.14805926
0.14745998
0.1844956
0.17408565
0.16622566
0.14408956
0.13884214
0.1110612
0.09779842
0.079933286
0.07318917
0.059888076
0.03599637
0.008814935
-0.0017114878
0.017559625
0.01655373
0.021663297
-0.001477763
0.020673584
-0.009909842
-0.0035625137
0.0030033477
0.008785214
0.018157255
0.024768848
0.032658074
0.029602941
0.032084282
0.020245168
0.11699191
0.11481443
0.038537454
0.027961146
0.0030671917
0.030345086
0.039933767
0.036260534
0.07224259
0.10434236
0.13710003
0.16256979
0.13469867
0.12239368
0.11204715
0.11204566
0.098972425
0.09915757
0.09999208
0.11121549
0.10159257
0.089472145
0.08688761
0.07804033
0.08557688
0.07589267
0.08933441
0.078085765
0.0753566
0.06713849
0.06968814
0.0674928
0.06785704
0.077435225
0.07340492
0.08672844
0.06433755
0.094147205
0.052532177
0.07086116
0.056603376
0.06722525
0.05795909
0.03383604
0.023844738
0.023594972
0.0385586
0.048649658
0.031380493
0.026016895
0.015202191
-0.011445645
0.0033015646
0.008520115
0.012439217
0.04068386
0.03544073
0.018553939
0.023885023
0.03668041
0.014520045
-0.01941492
-0.020301614
-0.03262991
-0.00829507
-0.02451272
-2.585724e-05
0.014065411
0.037589345
0.025699679
0.0019469298
-0.019738834
-0.012341816
0.005067218
-0.008451719
-0.003052663
-0.0033368878
0.0064789914
0.0056783073
0.0088922195
0.010977697
-6.7118555e-05
0.054689433
0.063847736
0.095227
0.09059656
0.14169951
0.14839762
0.15049973
0.14630733
0.15019433
0.1102781
0.100617155
0.087800264
0.087289274
0.07861464
0.083874494
0.08660033
0.07237393
0.0809398
0.11225319
0.07108556
0.07506688
0.0637044
0.06885639
0.08055341
0.08451669
0.067974165
0.07396887
0.082175344
0.073662
0.07866633
0.09084053
0.094615355
0.10363552
0.08623889
0.06045733
0.08338067
0.059151474
0.06361318
0.064315304
0.030754667
0.046845827
0.06757367
0.02547963
0.027564473
0.014498711
0.0055903047
0.0063008554
0.04276794
0.03394568
0.034195755
0.06431471
0.05692626
0.050926868
0.081792966
0.04998065
0.049173776
0.055055697
0.048570562
0.0509593
0.02977651
0.037632268
0.055129778
0.06752537
0.07200073
0.0823479
0.10013129
0.090148345
0.085825086
0.088128105
0.10441193
0.08529469
0.09619899
0.11507897
0.12953603
0.10120849
0.09934224
0.08654855
0.09697272
0.098065645
0.08086228
0.07599236
0.082814515
0.0677
0.06184494
0.05675677
0.060576957
0.06273137
0.04665595
0.045605462
0.04588766
0.041118804
0.052340332
0.054726873
0.03027464
0.019249719
0.022057127
0.023447681
0.0379985
0.056808155
0.049087565
0.045122962
0.042308737
0.065324515
0.07725477
0.08107938
0.07970595
0.06488311
0.08829072
0.08609931
0.10570744
0.09296931
0.08796728
0.08599447
0.0884804
0.101172864
0.112355426
0.08978583
0.109411865
0.10833168
0.10862504
0.09354681
0.10091539
0.113273874
0.10395861
0.07967469
0.09620127
0.101891875
0.095169544
0.078404665
0.10571933
0.09975539
0.090685755
0.08336559
0.10102777
0.071345344
0.07752095
0.08363615
0.09171049
0.09969111
0.10610174
0.09152204
0.101905465
0.10660511
0.09855224
0.08394405
0.08654757
0.088222966
0.08674027
0.08362122
0.09122777
0.07477641
0.06021351
0.06983948
0.063609034
0.06702693
0.072837025
0.08511232
0.089531764
0.075554445
0.065910935
0.029495824
0.035370145
0.050860208
0.082864255
0.051642235
0.048803132
0.05732808
0.05658791
0.05463958
0.04590484
0.07007168
0.100962
0.10697813
0.08539596
0.08904207
0.10817379
0.085250676
0.09908855
0.08864567
0.10712133
0.100645825
0.10304454
0.10167955
0.09666009
0.090218335
0.069575325
0.10665941
0.09714036
0.11174396
0.09016937
0.05805478
0.07498492
0.08701964
0.06716888
0.05630623
0.06536409
0.08173478
0.089865
0.09036656
0.06807302
0.093017265
0.06937961
0.0444655
0.054048676
0.056112263
0.034010943
0.031252183
0.039277714
0.042353425
0.03195043
0.021145042
0.006567739
0.018637683
-0.0024759173
0.010035615
0.018704966
0.010767397
-0.01879216
0.0018736385
-0.018165115
0.013991743
0.013975084
0.018077053
0.0325964
0.055376288
0.03280457
0.0331934
0.03505199
0.04171939
0.038883563
0.04254855
0.022504587
0.04431619
0.037318345
0.03273448
0.034545098
0.026268315
0.023368929
0.018418785
0.01765943
0.025711987
0.02201036
0.03863289
0.014729463
0.03576992
-0.0008328222
0.009460043
0.012903228
-0.008995093
0.014804948
0.0302759
0.030805264
0.017585024
0.03231257
0.038710464
0.025272567
0.029634822
0.028755415
0.03697962
0.046659622
0.030863252
0.041511346
0.031146687
0.0415934
0.03961486
0.046617765
0.02424312
0.030355353
0.026620347
0.025898531
0.022504907
0.012707483
0.033559915
0.026405614
0.023628864
0.027535375
-0.0018625371
0.0026920922
-0.016491432
-0.02260534
-0.007065136
-0.042593975
-0.022505168
-0.020395618
-0.016895454
-0.0154722035
-0.00619819
0.008824725
0.011289459
-0.023662243
-0.020850558
0.0076472536
0.016301714
-0.013946053
0.011241853
0.026932713
0.030962866
0.019639231
0.028924666
0.020060379
0.032063294
0.043291572
0.043742713
0.0759273
0.06681244
0.06757675
0.049761247
0.009735037
0.024077319
0.052012254
0.06369573
0.068355694
0.09277612
0.08390024
0.088694826
0.07716234
0.067487985
0.061300274
0.06133822
0.05148675
0.057624858
0.02842725
0.032597248
0.026059382
0.02454228
0.030550022
0.010902077
0.022805188
0.026537511
0.02730859
0.04092649
0.03465003
0.03989632
0.025629219
0.041096307
0.036921974
0.0704087
0.06784493
0.05889966
0.047744777
0.01862261
0.022923995
0.005575143
0.028673839
0.018212501
0.031131193
0.013802968
0.0207052
-0.00013576448
-0.0027384758
0.013944279
-0.008032292
-0.0024141446
0.037450228
0.047399852
0.038049977
0.05847979
0.08158061
0.0823566
0.053244766
0.03174737
-0.0058507696
-0.014061958
-0.018521931
-0.007459406
-0.022671107
-0.050353874
-0.05718695
-0.06744492
-0.053630996
-0.0817073
-0.09401485
-0.08083542
-0.08541381
-0.091404855
-0.10239962
-0.07744828
-0.082170844
-0.056424487
-0.058647696
-0.0798012
-0.101001814
-0.09285958
-0.0963337
-0.09106237
-0.13310717
-0.113521114
-0.1263841
-0.14674252
-0.14081189
-0.1407643
-0.1274513
-0.12799606
-0.115291744
-0.1171311
-0.12697157
-0.116475105
-0.114692435
-0.10279995
-0.09752685
-0.10183835
-0.108782396
-0.08205472
-0.09791386
-0.12179403
-0.11623806
-0.10540667
-0.084649324
-0.064151645
-0.040817376
-0.045538824
-0.049720448
-0.06135348
-0.07743205
-0.08220263
-0.0543436
-0.06534845
-0.053537372
-0.051771034
-0.060268823
-0.055472557
-0.02675553
-0.023359273
-0.046519708
-0.06734836
-0.057714824
-0.060328666
-0.059695777
-0.04958077
-0.039227564
-0.054252777
-0.045112196
-0.042418886
-0.03400429
-0.046336424
-0.017142594
-0.0475615
-0.034357507
-0.032651003
-0.05260739
-0.046230827
-0.02787726
-0.043616664
-0.050679926
-0.026517082
-0.00018491969
0.0051261447
0.037637252
0.0755115
0.06363587
0.059135098
0.05980287
0.06324154
0.08294171
0.07070744
0.07489869
0.06403668
0.04168233
0.051114555
0.06756143
0.06867081
0.07424688
0.08014962
0.084898934
0.091976464
0.08913152
0.07872957
0.08001056
0.07319948
0.08462092
0.07496941
0.09076381
0.078591615
0.07298854
0.080626056
0.079991564
0.086142614
0.0920008
0.07749827
0.08860721
0.0755648
0.0692088
0.08386652
0.09272638
0.08881232
0.07405354
0.064018406
0.09905329
0.09234078
0.08550818
0.08964594
0.091438025
0.07810244
0.090094
0.095893204
0.09175144
0.093410686
0.064058036
0.061791766
0.102996334
0.11366989
0.10148753
0.11163159
0.11106774
0.13384001
0.13684435
0.14289947
0.12737192
0.1265149
0.087755665
0.077801004
0.04360972
0.057737824
0.029743593
0.0059276
-0.0075860806
-0.0126898885
-0.01427079
0.0050519966
0.025881331
0.016483653
0.023796212
0.03423023
0.017770365
0.0624878
0.070118025
0.08785242
0.093636364
0.1059778
0.15074168
0.11167778
0.13756534
0.12809175
0.13166288
0.097577035
0.082519025
0.07034136
0.066555485
0.06584412
0.07075019
0.07395616
0.07055715
0.057253014
-0.00046453997
-0.032433752
-0.02404723
-0.026176903
-0.015049703
0.029495064
0.032759793
0.033577118
0.012928709
-0.0021544881
0.02305353
-0.0051425584
-0.0072853304
0.009905059
0.008998234
0.02984777
0.025170855
-0.0061199404
-0.008602466
-0.008467894
-0.0020307451
0.019337725
-0.017582722
0.012792621
0.015957642
-0.012261916
-0.01731452
-0.029042158
-0.00034908578
-0.0010963716
0.005413782
-0.015532166
-0.022807132
-0.021916483
-0.031409357
-0.026457567
-0.045912113
-0.051904302
-0.059337404
-0.11139476
-0.09499052
-0.08958033
-0.12615739
-0.08573593
-0.07088755
-0.04601236
-0.03776953
-0.054539252
-0.071117535
-0.051779952
-0.075667575
-0.054485593
-0.09407513
-0.07396269
-0.085921764
-0.07034263
-0.044046108
-0.024630878
-0.04287971
-0.04878368
-0.03369877
-0.049282093
-0.068761185
-0.06371902
-0.09202173
-0.06300697
-0.0720572
-0.046399225
-0.023550514
-0.049134288
-0.08426458
-0.1438556
-0.1250891
-0.09024447
-0.06997405
-0.122386545
-0.18588033
-0.24555105
-0.2831523
-0.25394133
-0.22767887
-0.21103552
-0.17062509
-0.15985563
-0.1427111
-0.14663668
-0.11414382
-0.13165516
-0.13320479
-0.08066146
-0.092582285
-0.10545069
-0.10358627
-0.12486225
-0.104266375
-0.09769246
-0.13920929
-0.12828481
-0.14856978
-0.13819674
-0.14263149
-0.12275377
-0.17068677
-0.1712397
-0.1531974
-0.14185229
-0.108722836
-0.0843274
-0.072158396
-0.0687162
-0.07738301
-0.079703525
-0.10278551
-0.11216697
-0.09213552
-0.06992525
-0.13097225
-0.0807019
-0.06656544
-0.026101533
-0.012482028
-0.018738959
-0.026167188
-0.08183105
-0.1030837
-0.0872643
-0.15634206
-0.14031494
-0.102709115
-0.10043971
-0.08511923
-0.06879513
-0.0629123
-0.08723892
-0.102601156
-0.09647864
-0.13201576
-0.1277017
-0.11594954
-0.09716165
-0.09245068
-0.100156724
-0.051514346
0.05008776
0.1956064
0.22203144
0.23458597
0.23481846
0.24989544
0.2527519
0.24581677
0.22625376
0.18889093
0.19540675
0.18611932
0.21396527
0.22803816
0.21612707
0.110278234
0.009943325
-0.039549734
0.014425132
0.054583315
0.065399185
0.08956766
0.13639605
0.33005542
0.43527356
0.4899706
0.48631826
0.4206312
0.40358117
0.35707155
0.29675063
0.3064899
0.36411086
0.3145713
0.3668989
0.3672887
0.4255561
0.44185024
0.4677699
0.4498621
0.44857416
0.41590166
0.44069815
0.42401516
0.44472483
0.4760168
0.47757772
0.5133615
0.55206025
0.55004287
0.563142
0.57035387
0.59250236
0.602324
0.59811234
0.6021161
0.6092694
0.59960186
0.6066958
0.5783421
0.5552476
0.5508879
0.55959255
0.5615622
0.5611129
0.56450784
0.5655365
0.6077683
0.622751
0.62734425
0.62064385
0.6099372
0.5884048
0.61121464
0.59641457
0.57176584
0.52442235
0.4999672
0.5061156
0.47331598
0.44618502
0.42941502
0.456113
0.4639107
0.4357495
0.40957454
0.41662234
0.4384549
0.48665112
0.4800963
0.44798565
0.4237879
0.40631962
0.38705927
0.38074574
0.35146594
0.35326567
0.35249436
0.36544207
0.37041184
0.35026672
0.34851006
0.33945104
0.32678828
0.34403095
0.35807544
0.40247166
0.39509952
0.40368578
0.40638933
0.4274383
0.45087036
0.4245606
0.43898225
0.42083988
0.42582574
0.44057503
0.44129813
0.43432674
0.44278142
0.43658593
0.44323835
0.42757446
0.43715227
0.43440208
0.4150172
0.40842763
0.40831757
0.41977355
0.4191033
0.38949284
0.40134785
0.3858567
0.3838769
0.3783284
0.3829235
0.38976255
0.39911523
0.39595494
0.3782532
0.38836703
0.3880957
0.39887896
0.3845674
0.3978502
0.36656234
0.40009552
0.4233547
0.43095118
0.42210165
0.412546
0.42789873
0.4137212
0.3941445
0.41870776
0.4045058
0.39686304
0.41974828
0.38031757
0.42102003
0.40571016
0.3936489
0.38242278
0.39800432
0.4028093
0.38235798
0.3813651
0.3836923
0.38500604
0.37584862
0.37361178
0.385487
0.40130568
0.3725755
0.3705735
0.38652948
0.3885006
0.3673471
0.36826482
0.34555572
0.35118154
0.36274657
0.342659
0.35724655
0.35357168
0.3557289
0.34079885
0.33027974
0.33241543
0.3360611
0.33549687
0.31265387
0.3270369
0.29323712
0.33591557
0.29834783
0.32817307
0.3294004
0.30584493
0.31936988
0.32590684
0.30326995
0.2890978
0.2950969
0.290215
0.28753042
0.3048858
0.29529294
0.29989672
0.3000165
0.32058266
0.329668
0.3301334
0.32285818
0.31167734
0.3158433
0.3489645
0.33435705
0.33284393
0.34724432
0.326633
0.31413656
0.32712328
0.2916201
0.27326623
0.2776049
0.29085773
0.29872283
0.27881292
0.2781906
0.28073177
0.2883365
0.28391764
0.29958686
0.30359328
0.2925446
0.30954507
0.30464545
0.29410347
0.31598324
0.33521822
0.35095146
0.37155858
0.3380342
0.33606955
0.29701868
0.31930283
0.3164858
0.33115047
0.32823017
0.3110427
0.32303065
0.28579196
0.30405375
0.3027923
0.28649384
0.2987526
0.28157833
0.25446367
0.2705911
0.24183074
0.2544761
0.276994
0.2547283
0.23294283
0.23362647
0.24295232
0.25435194
0.24422435
0.2503226
0.21420392
0.23303309
0.22335124
0.24263768
0.23868927
0.25539076
0.23964861
0.24390617
0.25452942
0.2551483
0.24020958
0.2604262
0.25185168
0.25295675
0.2653216
0.27176026
0.27266616
0.28966704
0.28808898
0.3034148
0.28218487
0.30292198
0.31592903
0.28532365
0.29903165
0.26747918
0.26038462
0.25566304
0.26772085
0.25207
0.25205708
0.26195782
0.24570352
0.25878954
0.28309023
0.28243488
0.29012603
0.28854516
0.25839692
0.22711697
0.22598928
0.23057245
0.27282935
0.26185423
0.24354374
0.24053714
0.276617
0.28759828
0.28070545
0.2639089
0.26895273
0.26344222
0.25973627
0.27314496
0.2717457
0.26057056
0.24809404
0.25170723
0.25686464
0.28366178
0.26925597
0.2777909
0.2858596
0.2847124
0.26416487
0.28196362
0.2868305
0.2954764
0.28562286
0.28403512
0.301134
0.3172495
0.30620727
0.29886234
0.29438537
0.28479454
0.270554
0.30199096
0.300397
0.30591008
0.31789193
0.31674507
0.30001262
0.30099836
0.29383925
0.3004034
0.29583392
0.29653886
0.27489448
0.30130705
0.29234686
0.2776078
0.2968829
0.28861904
0.29809847
0.27026394
0.2906692
0.25192255
0.23916934
0.25853622
0.24349749
0.26334774
0.2601426
0.26722586
0.27791288
0.25767374
0.2736813
0.24538982
0.25923812
0.24511892
0.24758145
0.24158522
0.24131249
0.25197116
0.26083526
0.2716424
0.25464985
0.25489286
0.25898686
0.2476329
0.23915999
0.24482006
0.23884317
0.23866364
0.21571343
0.21903333
0.25014612
0.25588512
0.26072773
0.2230655
0.23681025
0.22548416
0.22364637
0.20320782
0.18650636
0.20013952
0.21336173
0.22176543
0.178858
0.07509597
0.07398623
0.05914129
0.1034468
0.14208186
0.15593132
0.1656276
0.18265581
0.22495803
0.19318369
0.20351079
0.20674236
0.20721498
0.21606368
0.18730684
0.20167118
0.20200247
0.14616011
0.119032145
0.13653697
0.15066029
0.15781023
0.15961453
0.15978052
0.15338288
0.15488596
0.15262689
0.15632483
0.13625686
0.12347017
0.1262356
0.12140958
0.12506987
0.12967388
0.16765478
0.16172525
0.15098432
0.15896173
0.17092118
0.16091458
0.16417931
0.14709729
0.20276383
0.22223353
0.22048928
0.22345985
0.22696309
0.23387231
0.2166366
0.21104205
0.19454005
0.21154092
0.19236377
0.18116504
0.1875492
0.19092652
0.17122447
0.18323359
0.19644512
0.18296841
0.2054248
0.23373176
0.24886161
0.25424784
0.24510853
0.2667043
0.26888502
0.29449782
0.28429434
0.27238938
0.26323426
0.23411343
0.26779345
0.27797234
0.29081684
0.28251684
0.28613204
0.23346163
0.23033573
0.23094687
0.25809926
0.22871736
0.25344667
0.27518067
0.27232036
0.2605939
0.29686633
0.3217715
0.35777193
0.34245542
0.38086355
0.3669091
0.37152234
0.36543515
0.3654769
0.36703154
0.34977594
0.37266937
0.349282
0.37003037
0.37472925
0.37674707
0.39804938
0.3485401
0.36503887
0.34732214
0.34326574
0.32582584
0.35588828
0.35404164
0.36067837
0.39280042
0.39558667
0.38397858
0.3925404
0.39214066
0.39454672
0.40303537
0.37864605
0.38639823
0.38032928
0.3903072
0.422211
0.4225795
0.45250142
0.44309634
0.44133914
0.41256428
0.4145656
0.42613515
0.3948727
0.37687132
0.38185576
0.3716679
0.37321424
0.38227135
0.4134213
0.3968047
0.34431514
0.36773965
0.38825038
0.40801045
0.39071622
0.4110227
0.42073312
0.41971636
0.40080044
0.41318032
0.38230947
0.39280468
0.39795515
0.39090207
0.35018796
0.3468034
0.32095876
0.3159593
0.3161917
0.33786902
0.39116815
0.3781633
0.3575447
0.41290823
0.4346365
0.43766442
0.40402934
0.40752432
0.40373683
0.3846145
0.33174393
0.30719808
0.31444886
0.30262324
0.29490387
0.32687977
0.34797624
0.3606793
0.3184156
0.296366
0.26486668
0.28697768
0.31707737
0.2842346
0.29273403
0.21722817
0.12814623
0.07212646
0.09095326
0.1001658
0.089203015
0.07499525
0.096626595
0.11568673
0.13839331
0.16269667
0.15867592
0.2027007
0.23948479
0.25574508
0.26735526
0.30120566
0.34427574
0.3707734
0.37027624
0.34264472
0.37435496
0.33096233
0.38945177
0.47602418
0.38530818
0.40824515
0.37297216
0.38949385
0.38521215
0.35594216
0.32085875
0.3191751
0.31223035
0.26976204
0.2577114
0.26096722
0.25578356
0.26693678
0.2562205
0.25418803
0.26666525
0.27405712
0.27352732
0.3048907
0.29961523
0.30511662
0.33024284
0.30412143
0.29048166
0.30421746
0.28421903
0.2820709
0.2789879
0.27325466
0.25224745
0.26988563
0.2502062
0.2694917
0.26799268
0.25187322
0.27194685
0.26856428
0.2426422
0.25903884
0.2680613
0.24814135
0.25502253
0.20792797
0.22725663
0.22455548
0.22931378
0.24643725
0.24628276
0.24556497
0.23834075
0.23279008
0.24584976
0.22900416
0.21824658
0.20608497
0.23000956
0.21882308
0.23223379
0.26280743
0.2510982
0.28408596
0.31460157
0.3030445
0.30603868
0.31115177
0.3245916
0.31036136
0.30345398
0.30653694
0.29418606
0.27682865
0.27635595
0.27656156
0.27773106
0.27957657
0.29664424
0.34508038
0.35787243
0.3631275
0.36917388
0.37879673
0.4008362
0.37861663
0.39466253
0.3922672
0.39775115
0.4255857
0.38572177
0.42922106
0.41623628
0.43692747
0.4401511
0.436456
0.431227
0.4302175
0.4532675
0.45073023
0.46424198
0.466054
0.48967677
0.49844363
0.50338095
0.4950288
0.48855248
0.50180405
0.51332957
0.51829094
0.53288597
0.53235203
0.53987324
0.53992134
0.53793925
0.5317214
0.53493756
0.5340662
0.53461117
0.52970743
0.52763534
0.51287425
0.50039965
0.49833104
0.49609867
0.50122565
0.49340898
0.50708634
0.49353218
0.49272168
0.50384027
0.4996254
0.47549298
0.48424533
0.4824607
0.48196214
0.4726968
0.48865178
0.4993998
0.48978695
0.48590156
0.48482725
0.4925116
0.48267338
0.47827455
0.48047355
0.47214022
0.4944854
0.5086326
0.49526042
0.50116134
0.5134774
0.49162534
0.5069588
0.5190834
0.5035631
0.4859179
0.51742834
0.5182446
0.48818803
0.50780004
0.513033
0.5063612
0.49083388
0.49472997
0.5145058
0.50960046
0.512904
0.49874818
0.48530212
0.48961648
0.48824495
0.47907445
0.45821354
0.49028876
0.47935545
0.48898652
0.4967191
0.48845497
0.46514854
0.48058727
0.4750628
0.47964564
0.48631635
0.46898514
0.47325793
0.47200516
0.47529674
0.47758248
0.4650409
0.48774347
0.48184702
0.4951788
0.5081182
0.50877905
0.5111382
0.50275856
0.49570382
0.48393884
0.4683391
0.4920258
0.50158554
0.4680439
0.49649885
0.4784064
0.48313257
0.47968787
0.48805326
0.5028087
0.47510126
0.4837273
0.47912887
0.44696257
0.45368057
0.45809126
0.47082987
0.4661326
0.4685816
0.45618173
0.4595619
0.45659754
0.4639602
0.45505217
0.4498447
0.4516073
0.45587626
0.46145102
0.45820913
0.4565094
0.4872803
0.49025312
0.494886
0.50697994
0.5272708
0.5054727
0.50406474
0.4913522
0.48476258
0.491437
0.5046137
0.5009285
0.52980804
0.5022299
0.49413517
0.4971061
0.51365924
0.5009347
0.48419785
0.5158407
0.49483234
0.5367008
0.5180094
0.51673585
0.51625574
0.5111357
0.49650863
0.49285334
0.5019909
0.49861825
0.50509673
0.52089757
0.49082315
0.4776387
0.4895059
0.487865
0.51251125
0.5140268
0.4996894
0.5054543
0.5004682
0.5052575
0.46906742
0.46309787
0.4586999
0.4718819
0.46619692
0.46449474
0.42992383
0.42292356
0.41422972
0.40269104
0.40480116
0.38925472
0.42144895
0.40533718
0.3981562
0.3701361
0.3938512
0.3676692
0.37146404
0.34440175
0.35481235
0.33932582
0.35343155
0.3364462
0.34856245
0.37113804
0.37950262
0.3519273
0.36864015
0.366383
0.32157892
0.29605773
0.31502685
0.32501134
0.31029817
0.29794
0.3250708
0.32465717
0.3140943
0.31635228
0.33026585
0.32859528
0.33928573
0.3278688
0.35039955
0.3417331
0.3565044
0.33509073
0.3182211
0.34058002
0.33479822
0.31441876
0.344856
0.36017928
0.3622562
0.38832515
0.4057906
0.36809167
0.36946002
0.38614795
0.38734263
0.38030645
0.34034705
0.3117495
0.32357654
0.33138183
0.34604672
0.29691634
0.2906799
0.2811068
0.2550217
0.25238052
0.24836493
0.26556852
0.31576392
0.3156006
0.3212841
0.34316775
0.3297569
0.35488546
0.36588657
0.3358377
0.35857454
0.37014708
0.39014217
0.39778134
0.38819578
0.4163848
0.4266121
0.4347377
0.41210464
0.41910937
0.41007885
0.4093904
0.4103388
0.43170276
0.43095374
0.40271696
0.41103396
0.3811306
0.3820882
0.39973584
0.35788614
0.34848192
0.33060846
0.31157693
0.3190826
0.32874164
0.33335188
0.31034842
0.32393935
0.32180026
0.3099464
0.3373617
0.3120823
0.29931232
0.32168624
0.30351278
0.31911388
0.30202124
0.30855218
0.3187853
0.3082506
0.31145048
0.3275046
0.32490057
0.35474378
0.34897122
0.3254201
0.31389263
0.3446326
0.337307
0.33585158
0.36255983
0.37733158
0.3617827
0.3635309
0.34716615
0.36860567
0.37545994
0.36273637
0.36503634
0.34242558
0.36324897
0.35813734
0.35827515
0.33829418
0.3529081
0.32489553
0.33847076
0.35110757
0.3219823
0.34394285
0.33321953
0.33999982
0.3296341
0.31946376
0.34700403
0.34430948
0.351752
0.3655862
0.37614414
0.36742508
0.36902103
0.35652098
0.38481537
0.4016324
0.41617218
0.4052417
0.41475388
0.41024622
0.40941772
0.43147558
0.4126046
0.43701306
0.4408573
0.42236724
0.41242257
0.42977178
0.42633453
0.46675718
0.4391525
0.44332722
0.44170722
0.42094177
0.45083502
0.44426337
0.44580975
0.44795957
0.43346158
0.450296
0.44993678
0.4509795
0.4627439
0.48260778
0.47294948
0.4868934
0.4885902
0.4725367
0.46844375
0.46940973
0.44849047
0.45565394
0.46778366
0.45455733
0.47940722
0.45708048
0.46802756
0.47591212
0.46263197
0.4782634
0.4728307
0.4437093
0.4243786
0.42244533
0.4139128
0.42413592
0.42260712
0.435974
0.4307011
0.45661116
0.45924893
0.46357355
0.45031473
0.45489484
0.45513418
0.45978186
0.4607524
0.4415816
0.398182
0.4321263
0.42487213
0.42267475
0.38480744
0.39403078
0.42490813
0.3939161
0.38792923
0.3896131
0.3685523
0.3255727
0.29122126
0.29589492
0.30912077
0.34996358
0.35638648
0.3423853
0.33896744
0.35925767
0.39628786
0.32465908
0.28211594
0.26382142
0.2505375
0.19201678
0.19738756
0.1869588
0.17238885
0.19794054
0.2140432
0.21196821
0.21516529
0.19760928
0.18812907
0.22720903
0.23363861
0.23210925
0.21586648
0.27006623
0.226248
0.20695567
0.2218322
0.1811758
0.1799303
0.15025859
0.13155302
0.16355951
0.15378651
0.16182742
0.17163989
0.14846812
0.12474103
0.14582127
0.22929029
0.29364982
0.29602596
0.280329
0.17460936
0.18987575
0.26662785
0.098849595
0.16718973
0.18081667
0.12661435
-0.06286973
0.12530616
0.021666635
-0.14424656
-0.08158645
-0.030813131
-0.07852529
-0.08089137
-0.05380037
-0.0968568
-0.07261793
0.0034257881
-0.17344055
-0.020180013
-0.09015605
-0.0844025
-0.03835045
0.042032864
-0.017589632
-0.062761664
-0.11923182
-0.08983034
-0.15355608
-0.051873658
-0.07831909
-0.06720097
-0.08782038
-0.06548248
-0.10596511
-0.038299914
-0.035757493
0.018105853
-0.02148031
-0.021744598
-0.018936586
-0.07516368
-0.07927792
-0.07813589
-0.06997566
-0.106040955
-0.08049251
-0.03112949
-0.006316513
0.02852118
0.032269057
0.014462654
-0.06983428
0.080193505
0.0451421
-0.04752088
-0.020166721
-0.07083823
-0.06635614
-0.017451037
-0.046474304
-0.015156571
0.06925255
0.084610686
0.07251607
0.046336845
0.021335233
0.041424964
0.035523023
0.04215095
0.004612375
-0.052658383
-0.014967743
-0.046698984
-0.020130266
-0.009724017
-0.015139755
-0.01275529
0.009466182
0.056441884
-0.02495313
-0.08439359
-0.07457204
-0.1179817
-0.16715437
-0.10403171
0.003868021
0.037291918
0.075689316
0.0925315
0.07347284
0.063073054
0.04402337
0.035168815
0.029515833
0.029166628
0.03282864
0.040335555
0.0548844
0.0457262
0.0317412
0.046817932
0.056320716
0.019847177
0.0024210475
0.039332833
0.05902509
0.064252034
0.0636791
0.048311118
0.013382256
-0.0214337
-0.043551724
-0.050366897
-0.028523918
-0.024629932
-0.0638883
-0.12280077
-0.12696506
-0.13454211
-0.14481452
-0.14103578
-0.12332356
-0.083291054
-0.07008089
-0.079484835
-0.076912686
-0.1034749
-0.11157352
-0.08240092
-0.08776969
-0.09932408
-0.13211927
-0.13159992
-0.13601583
-0.12914868
-0.14152452
-0.12252095
-0.13585386
-0.14469428
-0.11698143
-0.11326134
-0.050116677
-0.018907767
-0.025147635
-0.03169414
-0.030967493
-0.0327128
-0.041354265
-0.034770872
-0.05539914
-0.04714418
-0.03184255
-0.054978136
-0.060395624
-0.057979163
-0.04707394
-0.062583685
-0.04566044
-0.02793226
-0.035370525
-0.036827054
-0.02674267
-0.012965925
-0.010078091
-0.008513488
0.01204247
0.0044083185
-0.01364838
0.019229732
0.03579574
0.033404216
0.034481473
0.031760424
0.022580951
0.011450294
0.013037849
0.021177847
-0.016508564
-0.04341526
-0.06971209
-0.0496944
-0.051456075
-0.060390923
-0.039152432
-0.037142683
-0.0366914
-0.0016497187
0.021577578
-0.0016615689
0.037489995
0.041871734
0.03344403
0.023467503
0.042231727
0.042351466
0.05547486
0.05445959
0.05757333
0.043778036
0.05262854
0.049569543
0.03553094
0.028348558
0.015118081
0.007845908
0.018709522
0.03917346
0.019687068
-0.027979333
-0.019701753
-0.037721764
-0.0262069
-0.02927721
-0.030206647
-0.055473585
-0.052578565
-0.06447984
-0.04013178
-0.016378026
-0.007700581
-0.0055989698
-0.020423558
-0.02370667
-0.029069517
-0.029680934
-0.019855376
-0.046525206
-0.026876438
-0.030964542
-0.008896228
-0.023068685
-0.0018817969
-0.010803536
-0.011706941
-0.014403332
0.0064274445
-0.0065038316
0.013836943
-0.012929533
-0.0058998577
0.019991253
0.024059985
0.032574497
0.03530711
0.02028253
0.03699613
0.038411997
0.078614116
0.0688089
0.06126369
0.0881294
0.11586496
0.12093857
0.13361748
0.13190714
0.1464034
0.151087
0.1528679
0.19074528
0.18242326
0.1705529
0.1669177
0.19246551
0.19907063
0.24465013
0.27233356
0.25664416
0.25666764
0.2715639
0.27521053
0.26896796
0.26509252
0.26876923
0.28074658
0.28180653
0.27199396
0.27897415
0.2708099
0.26473585
0.2502125
0.20354334
0.22099742
0.20165916
0.2182973
0.21464904
0.20678931
0.22632231
0.21287096
0.17838302
0.21223643
0.17365444
0.16857024
0.13590229
0.10765892
0.10138056
0.18333682
0.23687157
0.20678204
0.10618377
0.05469534
-0.026847247
0.0324605
0.20091137
0.26187712
0.097477674
0.14846507
0.113533705
0.09537043
0.116566196
0.023817785
0.016995553
-0.004274491
0.0027406067
0.027818862
0.02111118
-0.022310164
0.00472188
0.09557676
0.11097835
0.13193803
0.10884452
0.04181858
0.068437874
0.0063495077
-0.08487056
-0.009044353
0.026417833
0.08559054
0.11246444
0.12296219
0.12047483
0.11120583
0.099197775
0.06926629
0.09060785
0.06588338
0.1373776
0.17674565
0.20714906
0.22836712
0.26814267
0.298397
0.30003652
0.3032181
0.2892932
0.3069711
0.29919645
0.27254415
0.28549904
0.2775385
0.29752833
0.2667209
0.28007942
0.26793745
0.17008197
0.18595853
0.16861653
0.15519302
0.16423942
0.1561206
0.20474775
0.20968536
0.22119328
0.2722081
0.27537996
0.2697558
0.27130008
0.27421534
0.27106336
0.29354554
0.28793514
0.32108903
0.2974415
0.28471577
0.3200272
0.326507
0.32066205
0.3119656
0.33963805
0.33130923
0.300355
0.34150735
0.34371835
0.3372392
0.3389733
0.34357777
0.31315708
0.33775893
0.33762732
0.3284999
0.340594
0.34084094
0.3210368
0.34036535
0.31037098
0.31591126
0.3350803
0.34321022
0.34472325
0.3381807
0.31456953
0.31480068
0.30402806
0.28814477
0.31886363
0.30322045
0.31911805
0.32197285
0.3441558
0.35817853
0.3676969
0.368195
0.36758518
0.36285666
0.33700848
0.28542423
0.24864022
0.25591514
0.2517413
0.2620562
0.27738407
0.27658254
0.2680315
0.25393122
0.24396819
0.24134247
0.2294686
0.21691035
0.21329942
0.23831216
0.26626608
0.23424456
0.22330156
0.26167285
0.26830488
0.25335482
0.25764486
0.24686518
0.20789984
0.20598218
0.22374682
0.23629111
0.19700168
0.16463953
0.20520195
0.19066408
0.15365049
0.14569211
0.16539791
0.18415338
0.2284571
0.25915557
0.27820557
0.2950385
0.2800691
0.28085116
0.25585797
0.25188068
0.25456166
0.25691295
0.26091447
0.2600228
0.2570933
0.2679696
0.25498903
0.23946053
0.2700483
0.27843156
0.29625654
0.30119964
0.31013858
0.34170356
0.3261416
0.33193675
0.34468994
0.34780368
0.34406212
0.34444195
0.36816534
0.35196313
0.36250028
0.37614354
0.35118976
0.35644367
0.35083774
0.3485345
0.3377528
0.32327214
0.3193322
0.32707748
0.3456409
0.37586734
0.35710102
0.35121772
0.36790082
0.3638722
0.38631463
0.38898236
0.39851147
0.38089198
0.38917753
0.3903439
0.384164
0.3739194
0.3812394
0.36688876
0.38271907
0.3618758
0.35213235
0.34971845
0.33648065
0.36131385
0.35232306
0.35345498
0.36333805
0.34414017
0.35898533
0.33849904
0.33990523
0.34623548
0.34950784
0.3421962
0.35146794
0.3222213
0.305321
0.33357102
0.34521458
0.3238699
0.34898117
0.32475933
0.3349596
0.35983583
0.3355588
0.35135013
0.37014583
0.34981307
0.33788767
0.33891818
0.34663108
0.34957305
0.35064045
0.35414615
0.35834062
0.3272746
0.32040152
0.3167563
0.31248647
0.31540868
0.32141575
0.3244021
0.3141069
0.32464975
0.32546952
0.31359458
0.3124325
0.31425774
0.30731115
0.31140876
0.3309835
0.32443148
0.3464577
0.33494747
0.33493075
0.35831264
0.33194
0.32835048
0.32736102
0.33620843
0.33774695
0.31979284
0.33223698
0.32136714
0.32108256
0.3354236
0.3423736
0.35382226
0.35459393
0.33444303
0.37889642
0.3706996
0.38308975
0.35153934
0.38336816
0.36839664
0.34112617
0.32962766
0.31420746
0.30981278
0.30631897
0.31938285
0.29944962
0.30970988
0.31033504
0.3155143
0.3293616
0.3055553
0.31448373
0.2907964
0.27662423
0.26811168
0.2880712
0.30456045
0.26888528
0.25571424
0.28637007
0.30092782
0.2919939
0.28085706
0.29243687
0.25957495
0.24956352
0.306446
0.2823056
0.27537483
0.26302755
0.27373275
0.22779775
0.18995434
0.16118735
0.10525501
0.028394964
0.008529138
0.027373828
0.02878122
0.061106455
0.051132094
0.084142536
0.08087246
0.09582503
0.032668825
0.057397198
0.012581047
0.031006407
0.051753413
0.14798789
0.16992885
0.22036624
0.23549023
0.25559825
0.29101422
0.2816072
0.30445203
0.2867772
0.28639674
0.3193988
0.30361894
0.3111147
0.30458185
0.3223188
0.3365884
0.3247271
0.34357637
0.32206228
0.3317667
0.29524714
0.2818434
0.27429774
0.28748548
0.26870662
0.2838847
0.29912376
0.28210294
0.27965796
0.29373345
0.3185418
0.3360586
0.31169352
0.31789783
0.30081537
0.30018216
0.3190616
0.31732625
0.31265464
0.3009366
0.31557503
0.31033698
0.31430882
0.31915265
0.33930066
0.33973467
0.33388543
0.3672621
0.3495344
0.33707908
0.33433294
0.32565984
0.3067837
0.2716302
0.2653514
0.23550746
0.24321462
0.23807947
0.23327088
0.26802707
0.2476309
0.28586265
0.26414862
0.29788408
0.32047108
0.34160975
0.34796765
0.33557296
0.32485846
0.34166065
0.33774272
0.34415096
0.3346879
0.34063643
0.29757902
0.31919697
0.31690302
0.3346058
0.298927
0.3148054
0.35000557
0.3432248
0.36814418
0.40866417
0.33117285
0.2996661
0.2968594
0.3303984
0.3624797
0.33560345
0.35523278
0.34964427
0.3450674
0.31328443
0.33821678
0.36131898
0.35537556
0.36126426
0.36967126
0.3920891
0.38287282
0.39567325
0.40959916
0.40541026
0.42498562
0.41074327
0.43113896
0.44020882
0.43981412
0.4286888
0.4119223
0.40763417
0.412774
0.41668156
0.3958172
0.4043662
0.38315508
0.39419553
0.39019904
0.40614167
0.4028942
0.3811889
0.41790912
0.4078553
0.42392123
0.3913007
0.3805134
0.38028544
0.35606608
0.36682764
0.33845982
0.3875681
0.38140205
0.3914772
0.36075485
0.31689075
0.2757739
0.24234027
0.21550077
0.29177043
0.30287012
0.37105647
0.39345613
0.40508232
0.41470554
0.44593295
0.4337319
0.40330964
0.47754064
0.4264129
0.38291845
0.4001204
0.2978993
0.31758085
0.42857608
0.46563473
0.4610511
0.41257283
0.39502782
0.33697343
0.32463357
0.30357042
0.29058385
0.2979031
0.3249343
0.3278555
0.33523887
0.32751834
0.33469698
0.24938983
0.13930646
0.050726186
0.051822104
0.042070378
0.124047056
0.051741954
-0.038254928
-0.1093335
-0.17227495
-0.13782996
-0.11035627
-0.028137315
0.042883415
0.096635625
0.115813896
0.046269894
0.0032700375
0.040487062
-0.082730025
-0.041435067
-0.037424598
-0.060121644
-0.050494347
-0.037007112
-0.037366327
-0.04517981
-0.044981565
-0.06615926
-0.03495718
0.011339862
0.05416621
0.047319926
0.036732096
0.0932824
0.04403678
0.1000254
0.09129661
0.0913757
0.11017501
0.09755912
0.12290071
0.14111522
0.14672047
0.15663262
0.15634185
0.14375922
0.10709241
0.16656011
0.12598951
0.10249043
0.10190399
0.11692177
0.11778875
0.10750191
0.083055854
0.11539988
0.12476206
0.12401925
0.14341435
0.12680607
0.10915224
0.07995997
0.106101915
0.12731327
0.13556698
0.12042232
0.11472303
0.08807489
0.09953278
0.103113726
0.08276832
0.06295753
0.064537674
0.075003535
0.07973805
0.07729468
0.045345236
0.08699998
0.07640925
0.08220303
0.07687167
0.07055795
0.049479146
0.0101103
0.015277084
0.026515972
0.015210476
-0.01750696
-0.052692693
-0.06465906
-0.06268923
-0.041172292
-0.089515775
-0.11434123
-0.11247143
-0.103109896
-0.089460194
-0.077960536
-0.08159764
-0.10118185
-0.091739655
-0.09654315
-0.08516374
-0.063346684
-0.030861054
-0.05218665
-0.06303288
-0.041267682
-0.046866644
-0.041199084
-0.048030075
-0.027232941
-0.022519391
-0.0021380447
-0.0152145885
-0.021695528
0.0051380657
0.031497117
0.0057756715
0.022437986
-0.009935234
0.0113067515
-0.006278809
0.0237871
-0.0013538338
-0.005819518
0.0052753426
0.029551182
-0.046602312
-0.028815512
-0.011084508
-0.024839368
-0.034036268
-0.025596421
-0.01834545
-0.030990925
-0.058880042
0.012288082
-0.011026707
-0.03528176
-0.040866744
-0.033609655
-0.048930544
-0.055426497
-0.050934654
0.0073259585
-0.012724388
0.04729212
0.007387411
0.045260478
0.025741447
-0.030282442
-0.036270265
-0.020490345
-0.024793033
-0.023679685
-0.021476198
-0.018106151
0.03517091
0.044838615
0.037878837
0.035315387
0.06976807
0.04207739
0.057821296
0.038099486
0.055416774
0.031285916
0.057338007
0.05188371
0.078919366
0.065068334
0.04882836
0.03651886
0.019559141
0.053396065
0.0593985
0.06527682
0.100923166
0.08284058
0.09503956
0.07493554
0.08598927
0.09374809
0.10073221
0.08373895
0.079326764
0.060947772
0.07629937
0.093066156
0.096313745
0.093098834
0.09290917
0.11423159
0.068374336
0.10205394
0.066527694
0.08349097
0.050905216
0.022934277
0.053726297
0.048397966
0.06841269
0.0903894
0.080819055
0.07732448
0.07216418
0.057474513
0.06761792
0.0894274
0.08369467
0.08877124
0.06373593
0.08233036
0.07165697
0.056788247
0.0637968
0.062486928
0.060814347
0.05696717
0.063394606
0.086509034
0.10091199
0.119500384
0.10879649
0.13817687
0.12653072
0.16492853
0.17171788
0.17348643
0.14349255
0.12887543
0.10559733
0.10130192
0.13135755
0.11409259
0.11988221
0.11480519
0.10613975
0.089365214
0.08946681
0.106744155
0.103556395
0.07696484
0.09330277
0.10830362
0.1217822
0.10395105
0.12769337
0.1229448
0.08411726
0.11282632
0.12951007
0.12230903
0.14951013
0.1264082
0.14997058
0.13930444
0.11466178
0.12602608
0.12432034
0.09612453
0.09093279
0.09827091
0.07824047
0.094806604
0.09483135
0.1056135
0.13387665
0.11616278
0.13094419
0.15219776
0.16203474
0.1331158
0.16145842
0.15943617
0.09840971
0.07221356
0.08490549
0.071890414
0.051807392
0.021545049
0.039374363
0.062539965
0.08463977
0.07344495
0.062477168
0.08109474
0.08367303
0.1073921
0.09241134
0.06692757
0.0722318
0.085889384
0.084718004
0.11556487
0.08669192
0.1027583
0.08613909
0.1235743
0.08940205
0.14977773
0.15119314
0.16938108
0.1598984
0.19171345
0.18291596
0.18182765
0.18793777
0.1887699
0.19687185
0.18991962
0.19996974
0.12698625
0.17824322
0.17801735
0.17439933
0.20011279
0.18742645
0.15464891
0.17858051
0.1892308
0.16545938
0.13764386
0.09290467
0.07699072
0.11118688
0.10993098
0.15454453
0.17418706
0.1772643
0.18310805
0.19427137
0.17602207
0.16958922
0.1924603
0.19433425
0.21514878
0.1976361
0.14898126
0.15629674
0.15990935
0.13084252
0.0977833
0.107002616
0.11452961
0.13158983
0.1220358
0.093533635
0.10133821
0.08562117
0.10449761
0.09089633
0.023955349
0.05643959
0.043023575
0.054589584
0.02168015
0.044162426
0.020157684
0.038217332
0.047868695
0.032410663
0.051862504
0.044720512
0.08190951
0.030325871
0.04878464
0.048985098
0.031254735
0.038920168
0.016394261
0.07180448
0.05538323
0.031916168
0.055663314
0.054908033
0.046886887
0.043187436
0.03939301
0.026588488
0.047899637
0.053661752
0.10539296
0.103356436
0.09432466
0.07504876
0.070365906
0.06698476
0.049813304
0.042133573
0.0489807
0.04606745
0.036046382
0.023160588
-0.025340017
-0.033355135
-0.047227804
-0.05425651
-0.021090414
-0.00048949197
-0.0028727315
0.005127739
-0.009975437
-0.001981143
-0.018022161
-0.028085452
0.01893868
0.017655957
0.029037092
0.032914344
-0.0014259778
0.02046911
0.042331617
0.0037988909
-0.010303434
-0.034383412
-0.02528673
-0.01953629
-0.006392721
-0.0051112957
0.005932156
-0.016108517
-0.011236105
-0.021617081
-0.011315379
-0.00036629662
0.0026237704
0.021062646
-0.017550897
0.0047347806
-0.024499517
0.010299798
0.0066841654
-0.005837921
0.01562487
0.00075690076
0.029638927
0.03277145
0.012635861
-0.0005255155
0.010516819
0.024492238
0.026518796
0.0023897775
-0.008355398
0.011597108
-0.02522422
-0.037374478
-0.006359834
-0.019553822
-0.033676248
-0.022859294
0.007878181
0.014203619
0.009045776
-0.00015085563
-0.007197935
-0.01057763
0.0007893853
-0.019169565
-0.033482138
-0.012654383
-0.039135065
-0.00197066
-0.031388205
-0.04461847
0.013826836
0.0038129054
0.010288205
0.00093597546
-0.022323247
0.005309511
-0.011120271
0.0106703155
-0.004533034
0.038428526
0.004909288
0.013710309
0.028548282
0.007027466
0.012843918
0.02305087
0.01843999
0.055543337
-0.025036503
0.02026676
0.0028232224
-0.008525174
0.0092110075
0.006695833
0.027105708
0.027861442
0.003965307
0.018441144
0.0053192116
-0.038334657
-0.039025728
-0.03687929
-0.01920304
-0.04449038
-0.04356583
-0.05295242
-0.015745927
-0.04234833
-0.05789653
-0.030004885
-0.0452762
-0.036647085
-0.02517188
-0.034393597
-0.020397995
-0.030960765
-0.025289897
-0.04902922
-0.04119714
-0.052495252
-0.054914255
-0.048220683
-0.067615315
-0.055209536
-0.080924556
-0.103587925
-0.11965522
-0.11082649
-0.09292631
-0.109989405
-0.108207494
-0.13246843
-0.14452901
-0.14003718
-0.14907205
-0.12491861
-0.11296062
-0.13287708
-0.106173426
-0.13304909
-0.13875327
-0.13694969
-0.12981577
-0.13182522
-0.1432557
-0.10066016
-0.10589236
-0.09788409
-0.10394743
-0.13874283
-0.1331676
-0.12967731
-0.1251359
-0.14543203
-0.13650975
-0.120657176
-0.09467299
-0.09572691
-0.098140776
-0.07860418
-0.031562258
-0.04131901
-0.05018143
-0.065099195
-0.077608645
-0.05782943
-0.064625114
-0.06854792
-0.049506295
-0.07259959
-0.091264814
-0.105739295
-0.10199201
-0.10479975
-0.10403554
-0.110955775
-0.09962875
-0.10097161
-0.12408611
-0.13660507
-0.13090791
-0.103714064
-0.12278327
-0.1514481
-0.12583129
-0.12870723
-0.1369862
-0.13503392
-0.105021864
-0.10366583
-0.05314474
-0.07794176
-0.072134435
-0.07660133
-0.099325284
-0.06420359
-0.053911913
-0.059413437
-0.06756821
-0.08753584
-0.097821206
-0.09297064
-0.066009045
-0.06254859
-0.052616592
-0.060762506
-0.04935242
-0.046613496
-0.06861697
-0.058742743
-0.07011145
-0.101390064
-0.07109557
-0.07779877
-0.09910427
-0.06511007
-0.06955066
-0.07065721
-0.08761129
-0.11511539
-0.08757681
-0.08267662
-0.09715958
-0.09935066
-0.08217485
-0.09134887
-0.106595084
-0.13607657
-0.0897903
-0.105773985
-0.09278023
-0.10561381
-0.08432081
-0.10403547
-0.11970542
-0.078403905
-0.081408665
-0.10929324
-0.094771236
-0.116613865
-0.08710995
-0.081807375
-0.07457358
-0.07734567
-0.05993406
-0.08842707
-0.09478301
-0.08468208
-0.06394826
-0.06326385
-0.094754666
-0.10386503
-0.124553084
-0.095375195
-0.07450381
-0.10113168
-0.11274633
-0.09069297
-0.07009016
-0.077979505
-0.08741823
-0.08053875
-0.09831607
-0.111942396
-0.09475836
-0.09984715
-0.07401478
-0.0835837
-0.08837187
-0.08370331
-0.0905657
-0.07950264
-0.081891924
-0.087616146
-0.09704611
-0.0953504
-0.08844188
-0.07899243
-0.06444983
-0.06363626
-0.092993766
-0.08827698
-0.091459006
-0.10985413
-0.071908355
-0.087014616
-0.07140584
-0.09446882
-0.06778538
-0.059589814
-0.068822384
-0.062029142
-0.08860822
-0.09209564
-0.075443685
-0.06622529
-0.036857847
-0.052598696
-0.051206563
-0.042505305
-0.04647622
-0.019341912
0.024995025
0.071585216
0.056167718
0.034101263
0.02166301
0.020497438
0.025220517
0.04379682
0.08665122
0.061114874
0.07075198
0.08096294
0.08905429
0.04124603
0.056325946
0.07011792
0.089053586
0.08708584
0.08679615
0.06943454
0.07614903
0.06433764
0.061275315
0.05192612
0.06423804
0.09902468
0.05801301
0.079935595
0.065209106
0.10529119
0.081711486
0.085971355
0.0813182
0.05846278
0.045385014
0.057324763
0.07514581
0.06754531
0.06242253
0.042496648
0.042908937
0.06467433
0.08544031
0.053389266
0.08250805
0.06342845
0.06748381
0.054252703
0.046366494
0.07584457
0.09552279
0.0872885
0.10365233
0.10179046
0.08664049
0.09323153
0.103300706
0.12487629
0.1111058
0.102424026
0.11301482
0.122993395
0.11400612
0.09524427
0.119991004
0.13824943
0.13788244
0.1583776
0.14743613
0.15061243
0.17145255
0.1806759
0.16557184
0.18567495
0.1593664
0.15894759
0.16479614
0.17248443
0.14138842
0.12925564
0.15999356
0.1583301
0.11142261
0.13321368
0.1493978
0.14259288
0.12645003
0.11406542
0.12206422
0.12230474
0.1480016
0.1307044
0.1134956
0.11076036
0.110499084
0.10053273
0.10712069
0.12119438
0.083770975
0.109332114
0.12078413
0.12189376
0.13671398
0.12468219
0.12532736
0.096648246
0.10087432
0.11489013
0.10851401
0.0982368
0.079312146
0.12595074
0.127401
0.10467674
0.09520432
0.10851255
0.120585635
0.07417001
0.079392076
0.09570955
0.07056199
0.09679064
0.06772085
0.0804682
0.06826727
0.07297994
0.06536776
0.08804475
0.1180509
0.114633635
0.10140289
0.08282894
0.11545032
0.13514912
0.16450173
0.17825465
0.14834881
0.14252682
0.160675
0.17819265
0.20373529
0.17594403
0.19280235
0.15743911
0.12961344
0.15631855
0.15261385
0.18021974
0.19546688
0.2278099
0.18536691
0.12132475
0.104283795
0.087681964
0.1242737
0.12370993
0.16756552
0.22081073
0.22160418
0.1260542
0.1441326
0.1916022
0.12481494
0.16666338
0.16712953
0.16714774
0.21748146
0.13704775
0.13490015
0.09114817
0.033353534
-0.021324601
-0.013010528
0.031242307
0.041756008
0.086444244
0.078215055
0.07337701
0.090953544
0.08292535
0.091451
0.065562606
0.13907354
0.1461132
0.200593
0.16015609
0.123919755
0.15076669
0.090192914
0.090702474
0.0616132
0.04688347
-0.008137818
-0.023822982
-0.03934506
-0.025425699
0.00070966035
-0.037160773
-0.04329243
-0.02846079
-0.025793176
-0.060227383
-0.14730538
-0.14272657
-0.12915927
-0.12746105
-0.11680916
-0.106842995
-0.10599944
-0.102190524
-0.08998108
-0.07394545
-0.095870614
-0.12519923
-0.16185254
-0.1158898
-0.13041407
-0.14431031
-0.081863254
-0.091242194
-0.07846016
-0.08146027
-0.07840942
-0.11306009
-0.10575251
-0.1307199
-0.14115186
-0.1135205
-0.12666348
-0.101792246
-0.12796295
-0.12557445
-0.14100778
-0.11441609
-0.10321748
-0.13721201
-0.1185915
-0.13028808
-0.12989163
-0.1251654
-0.12172593
-0.11914268
-0.12840241
-0.14049721
-0.10825652
-0.093134955
-0.12749809
-0.12092534
-0.1396245
-0.13776006
-0.14155278
-0.13443446
-0.15912466
-0.1284613
-0.1406854
-0.1303322
-0.15424608
-0.14799717
-0.14029002
-0.13320197
-0.13865176
-0.17356884
-0.1216857
-0.11359513
-0.09452851
-0.1039194
-0.11011356
-0.061636332
-0.05973259
-0.05046202
-0.057973366
-0.05948166
-0.023666058
-0.04296312
-0.028216992
-0.020794969
-0.0149214305
-0.026953008
-0.007322263
0.0037842132
-0.006350059
0.022301476
0.03155465
0.052102014
0.040335793
0.06170791
0.051736254
0.044722978
0.058469985
0.06197129
0.06451212
0.046302367
0.08634623
0.077026844
0.04164147
0.008515328
-0.02085578
-0.015150715
-0.030380901
-0.05669843
-0.043426808
-0.041989323
-0.01904824
-0.02421936
-0.029886398
-0.018075954
-0.02539714
-0.04994868
-0.02105276
-0.004013229
-0.006408777
-0.019523825
-0.019462187
-0.013108376
-0.024256203
-0.03823104
-0.042539608
-0.0133349635
-0.019351017
0.01600967
-0.023889389
-0.029060077
-0.016762245
-0.040389385
-0.030816887
-0.045214925
-0.042732302
-0.035622884
-0.04970776
-0.075869724
-0.03790955
-0.025823686
-0.008363415
-0.05105741
-0.0388013
-0.022236463
-0.041344713
-0.046740454
-0.016562771
-0.021532614
-0.049394164
0.0008306466
-0.0169832
-0.021644231
-0.015073713
-0.01999363
-0.019170675
-0.018114079
-0.025094967
-0.025621492
-0.018238407
-0.057671588
-0.070709735
-0.060736123
-0.0356563
-0.031620968
-0.028772626
-0.034679096
-0.03132275
-0.025060665
-0.020113308
-0.039207507
-0.048130427
-0.06643392
-0.05078363
-0.051295128
-0.028723616
-0.069522575
0.0012216978
-0.040792014
-0.030474398
-0.003298793
-0.036325227
-0.032459635
-0.04084133
-0.07330999
-0.061251346
-0.06068847
-0.06780133
-0.057012442
-0.024017494
0.012650657
0.037739996
0.034799445
0.03566779
0.05310108
0.038959745
0.054142926
0.07556093
0.10575029
0.1188969
0.21204904
0.23968464
0.24347305
0.2017166
0.23716019
0.27393627
0.31267983
0.30993196
0.28647697
0.2341868
0.25137866
0.2736993
0.21121243
0.19243786
0.22699995
0.19598687
0.16737536
0.17878029
0.20917478
0.15219937
0.15940326
0.20303328
0.2582886
0.25496468
0.25865713
0.20711842
0.2043437
0.23967846
0.20973673
0.18606618
0.12704888
0.17961958
0.21896476
0.25121233
0.22440441
0.24200736
0.2356719
0.20986708
0.21068622
0.18981598
0.19997108
0.17090765
0.122283906
0.15205957
0.16499491
0.20364806
0.17306128
0.16623163
0.0739388
0.068643525
0.03784174
-0.03852352
-0.049822073
-0.008969452
-0.046470616
-0.057823587
-0.10666311
-0.07211688
-0.060429323
-0.050710443
-0.051326226
-0.08521485
-0.087482736
-0.085645586
-0.054567154
-0.052799117
-0.06794754
-0.09474066
-0.1106084
-0.13567458
-0.10184756
-0.101064116
-0.10166438
-0.1117049
-0.11100948
-0.12593499
-0.10237636
-0.11925693
-0.091502964
-0.12321165
-0.067953214
-0.07869463
-0.07794891
-0.07805157
-0.10365835
-0.090767264
-0.095558524
-0.07911797
-0.058722008
-0.080052644
-0.10197067
-0.087344155
-0.087962925
-0.0981082
-0.06762937
-0.062932685
-0.09267089
-0.09469345
-0.13676383
-0.098195076
-0.103815764
-0.105625466
-0.094903216
-0.08142783
-0.082434356
-0.08541766
-0.08316378
-0.09934667
-0.10692003
-0.075478286
-0.08540796
-0.088683635
-0.05137868
-0.09147431
-0.10313079
-0.116233766
-0.13768467
-0.16456482
-0.119858384
-0.108676314
-0.10642204
-0.10809231
-0.10677543
-0.106033534
-0.10141721
-0.0793629
-0.10174993
-0.089833885
-0.11176713
-0.07769087
-0.091864794
-0.12723118
-0.14841075
-0.1833741
-0.18761359
-0.18300226
-0.1864472
-0.18317866
-0.16732854
-0.10565084
-0.06765552
-0.080834374
0.0007767342
-0.059069116
-0.075142205
-0.059492726
-0.043420944
-0.07421881
-0.078461975
-0.08774683
-0.06212314
0.022271056
0.01629756
-0.022468675
-0.011099171
-0.0053612553
-0.03895277
-0.09052095
-0.054389153
-0.008236375
0.010575373
0.0323716
-0.036037926
-0.01562531
-0.001997199
-0.004732851
-0.033474933
-0.04877167
-0.06985645
-0.074367136
-0.06875937
-0.07100481
-0.057539877
-0.068670645
-0.11420837
-0.09444147
-0.054015893
-0.048394006
-0.02959394
-0.0051553063
-0.036514346
-0.033623267
-0.026366424
-0.020768676
-0.05118108
-0.036327463
-0.03966405
-0.022318374
-0.064119965
-0.10893056
-0.117572546
-0.12493974
-0.096809
-0.04797991
-0.016656447
-0.029263888
-0.026282664
-0.026347797
-0.013646346
-0.029772606
-0.025085676
-0.0004577078
-0.0041943826
-0.004034031
0.0037411489
0.010228466
-0.04477394
-0.015857618
-0.028331269
-0.022666242
-0.06259678
-0.046924952
-0.055742797
-0.06318307
-0.07788713
-0.05630074
-0.048359927
-0.004744392
-0.007735554
-0.0010386445
-0.004415881
-0.016166467
-0.025179919
-0.00017726049
-0.032691885
0.002145175
0.007800024
0.041933816
0.050809275
0.0513522
0.026094254
0.03237911
0.0370838
0.013294902
0.040081557
0.0458248
0.013553884
0.04719313
0.04209951
0.029360864
0.027421925
0.049311925
0.05838109
0.054787774
0.05768146
0.052405868
0.047953937
0.057050195
0.07440038
0.055750523
0.054983404
0.017184783
-0.006308969
0.016178112
0.03345855
0.024412904
0.020532515
0.04863183
0.028170194
-0.004692573
0.043625
0.012478169
-0.006800864
0.024902176
0.018785495
-0.0042146705
0.021653239
0.011570293
0.0122609995
0.021137793
0.015177432
0.020377617
0.01470283
0.0082498975
0.0002685599
0.02181891
0.016749304
0.031681176
0.017265078
0.04711206
0.022764739
0.04428712
0.033004474
0.010842849
0.020897787
0.030861285
0.00030178204
0.010036904
0.016227845
0.0071486793
0.012736265
0.0242596
-0.0015970208
0.001165729
-0.01916382
0.006195333
0.012397084
-0.0057212524
0.014981661
-0.01694176
-0.010692541
0.008273739
-0.0013447963
0.012483563
0.012904447
-0.0013415478
0.016560372
0.0031613074
-0.010113578
0.016089384
0.0044440515
0.029160049
0.027620431
0.02696954
0.03352916
0.040153425
0.042903703
0.03421269
0.020051222
0.017721143
0.053285208
0.04839484
0.05208691
0.053358745
0.051679473
0.041774843
0.037093375
0.031020042
0.025088113
0.043322507
0.04684103
0.051081333
0.064504996
0.04496586
0.05361701
0.04000299
0.023817632
0.060661558
0.044042137
0.028233748
0.013130497
0.051761437
0.036636677
0.040076915
0.044473674
0.03999472
0.052225415
0.055553924
0.041625295
0.019714225
0.026322935
0.017363954
0.010693755
0.016744647
0.0076203384
0.001824867
0.038924996
-0.004794974
-0.0066153817
0.009049583
0.031933766
0.025299218
0.0031678118
0.011530045
0.015236478
0.021503959
-0.010455254
0.039805893
-0.011672843
-0.013462018
-0.009201188
0.033067588
0.019241344
0.029748533
0.022768293
-2.7727336e-05
6.431714e-05
0.022379633
0.039948177
0.04778896
0.036531027
0.028817665
0.032519054
0.048930842
0.036624987
0.036387842
0.023503456
0.032932688
0.050228637
0.041279975
0.06690113
0.06491867
0.056917388
0.05833086
0.0754751
0.0631302
0.06159846
0.09480107
0.0994152
0.07095142
0.09025219
0.0696615
0.0705917
0.06359182
0.05691736
0.07725723
0.076774895
0.07930504
0.06296106
0.07360886
0.07234624
0.07000448
0.0731848
0.056734066
0.0646278
0.06147941
0.07610421
0.09068617
0.062113214
0.06695506
0.031812992
0.0642235
0.08366673
0.06321363
0.07650934
0.0627905
0.061158646
0.076584205
0.05021457
0.08759086
0.050785515
0.058770645
0.057149384
0.08048473
0.093790516
0.05809034
0.05751955
0.05553018
0.050886694
0.047902893
0.056329634
0.062361527
0.06296611
0.05958357
0.067712456
0.06436212
0.07422066
0.08227156
0.07895559
0.06798348
0.073538974
0.050654624
0.07179226
0.03737593
0.050057326
0.0678688
0.050400455
0.045024704
0.08612035
0.08319254
0.079282135
0.1021308
0.077021465
0.08931348
0.088863745
0.071511745
0.06115475
0.082442954
0.10086797
0.08560775
0.083015606
0.096010774
0.08723299
0.095498726
0.0890176
0.08070563
0.051836256
0.07504678
0.052339096
0.042395424
0.041808154
0.05220777
0.054482017
0.060422864
0.07297312
0.04809763
0.04309724
0.082694754
0.06513055
0.052884478
0.07805316
0.037094053
0.019064311
-0.0134196915
-0.0023237132
0.04735979
0.021863345
0.021817494
0.02773339
0.043255683
0.03270552
0.019160565
0.05134702
0.03657232
0.023523692
0.041884843
0.053087715
0.03710081
0.055749323
0.04696935
0.05934838
0.042198237
0.033993375
-0.018007781
-0.058383618
-0.07262722
-0.012779441
0.040953834
0.019753572
0.017833855
0.0061011873
0.017329168
0.033198964
0.010485087
-0.009401944
0.02057894
-0.00084066764
0.0015715994
0.010151129
0.038963523
0.054150525
0.036153775
0.005346451
0.019349705
0.024961192
-0.003945183
0.010010909
0.009448487
0.0052526556
-0.006248329
0.01755051
0.0022632517
0.022387955
0.022637557
-0.0021458082
0.026845727
0.025522273
0.037802372
0.025385689
0.030794661
0.020159263
0.021950055
0.013982255
0.015673313
-0.00042006
0.029934388
0.03036036
-0.00025404617
0.016897466
0.0018003173
0.011549603
0.00897393
0.0026101805
0.0042551123
0.007484261
0.025861923
0.029371675
0.014071908
0.0043823607
0.011251327
0.018318478
0.036107007
0.04241388
0.03795692
0.034771148
0.06956351
0.10281195
0.059422698
0.0065710507
0.05401664
0.14953339
0.13702777
0.17242725
0.14030597
0.084728375
0.025818598
-0.0032712482
-0.029886361
-0.09262556
-0.14229015
-0.17104454
-0.17174727
-0.17881605
-0.15193059
-0.15075755
-0.14356881
-0.17438582
-0.16062853
-0.18005063
-0.21747735
-0.21774971
-0.22999421
-0.23034123
-0.23414397
-0.21987626
-0.20721489
-0.2054633
-0.19609088
-0.2093657
-0.2101737
-0.16222931
-0.20207989
-0.22629601
-0.20370385
-0.21534649
-0.22913018
-0.202605
-0.18572609
-0.21003568
-0.22223163
-0.22949147
-0.22269201
-0.21774703
-0.22490862
-0.21509317
-0.20509964
-0.21658888
-0.2025173
-0.17627169
-0.20594768
-0.20257786
-0.16801739
-0.1440679
-0.15948278
-0.1619254
-0.16152632
-0.14668918
-0.12520523
-0.12625079
-0.13288924
-0.15230432
-0.17510116
-0.1555304
-0.1340344
-0.12158406
-0.124049395
-0.12579241
-0.12770857
-0.082501784
0.14798686
0.19309452
0.21379223
0.2310022
0.2555043
0.22378561
0.16109875
0.14179103
0.11750862
0.02401809
0.0032992326
0.19525379
0.26147532
0.23564926
0.26521698
0.2799969
0.30772218
0.2715154
0.2707783
0.3515019
0.28206235
0.19020618
0.22479871
0.21328738
0.23379856
0.25779158
0.26020503
0.26495212
0.269057
0.29126647
0.27623478
0.24227422
0.21577905
0.2283893
0.22051817
0.20503366
0.21933407
0.1571893
0.12944499
0.1264103
0.122293815
0.14491643
0.13858227
0.12624548
0.12836292
0.15900794
0.13639422
0.14532125
0.09549703
0.12384105
0.1192268
0.13547729
0.14207762
0.10928401
0.09840746
0.12676567
0.12800616
0.14442757
0.17600065
0.16886497
0.12686409
0.14369535
0.13173401
0.13358752
0.13942386
0.18781954
0.16715841
0.18923971
0.14740287
0.167628
0.20283306
0.17398466
0.18181613
0.18113174
0.1849757
0.16190603
0.15504807
0.18609467
0.18706633
0.20475012
0.1927103
0.1858077
0.16196698
0.17519216
0.17019112
0.21569791
0.20538723
0.17278439
0.17658168
0.18732204
0.1793763
0.14421304
0.169925
0.20178625
0.1939246
0.2204996
0.20159623
0.22296712
0.23304775
0.24498865
0.23486555
0.22073032
0.24874036
0.24716377
0.22890608
0.22493216
0.18290322
0.18754911
0.20433953
0.20603234
0.17694329
0.19155842
0.21708414
0.21599466
0.22712941
0.23116104
0.24501166
0.23968111
0.22830886
0.26896733
0.25852472
0.2557847
0.2626196
0.25492024
0.25265107
0.26024663
0.29136455
0.29090253
0.2822886
0.29623735
0.31614965
0.2994944
0.3154422
0.3025925
0.28775275
0.30339593
0.30864435
0.32985792
0.31679615
0.32415527
0.29459515
0.29016435
0.25648415
0.17768645
0.1335623
0.06231284
0.05988847
0.035924245
0.11022216
0.0443472
0.05017943
0.06543578
0.00070060417
-0.03501462
-0.049978305
-0.0660581
-0.020958748
-0.03731909
0.027365312
0.06706822
0.09268129
0.04327773
0.013140012
-0.089972734
-0.08813411
-0.12570798
-0.06589019
-0.09713863
-0.117119774
-0.0673998
-0.058339957
0.020503096
0.10151796
0.08613351
0.072406426
0.12698275
0.10462652
0.16410488
0.25211242
0.27723014
0.21561503
0.2531091
0.21834536
0.18543275
0.15073857
0.16485786
0.11087032
0.0742452
0.06618279
0.07258864
0.088133186
0.12718111
0.1622172
0.18985471
0.22848928
0.2128754
0.2252676
0.25049388
0.15441076
0.16523059
0.14697136
0.11737922
0.058429964
0.033655364
0.002177883
-0.047512192
-0.053524997
0.005332824
-0.05691761
-0.041719567
-0.015300091
-0.034904633
0.020032074
-0.014500942
0.0069026835
-0.0016186126
0.013222646
0.02547891
0.027513932
0.02542993
0.0004181154
-0.004067201
0.017176073
0.027284842
0.099763185
0.09841424
0.100948855
0.09380022
0.12940328
0.07508297
0.1093076
0.086643875
0.07963988
0.09131616
0.0636255
0.11850765
0.09073739
0.10219135
0.118779525
0.111825034
0.12724325
0.12355013
0.1175973
0.13936004
0.099513665
0.08779028
0.12554394
0.065214865
0.15495828
0.126241
0.12318513
0.10773152
0.10197241
0.098867066
0.09022319
0.08863386
0.11354245
0.09000416
0.129774
0.13525748
0.13521257
0.069598824
0.07101907
0.086835355
0.13724604
0.11526507
0.06541599
0.09390634
0.10918866
0.09591575
0.0870735
0.049739204
0.06129391
0.049001332
0.07184564
0.062351536
0.09841864
0.10232943
0.081934065
0.073823705
0.04654866
0.10056685
0.106460616
0.07112588
0.05633199
0.09833614
0.088665724
0.06115564
0.07227778
0.11532386
0.08474711
0.07849603
0.09370023
0.12718844
0.11200862
0.06878243
0.06784675
0.072692715
0.09935081
0.08414142
0.094311796
0.063134916
0.11876771
0.12389715
0.1167535
0.10488734
0.09344573
0.1561984
0.087420724
0.10447538
0.120808214
0.10273562
0.09557904
0.08604526
0.064422324
0.024439227
0.066156104
0.108649105
0.11467473
0.05068338
0.08445199
0.07124972
0.110067636
0.06469465
0.053612355
0.083223045
0.09836942
0.08130337
0.055675868
0.06655009
0.061253212
0.082911044
0.075089805
0.09932641
0.0890619
0.10565016
0.10015978
0.119269416
0.09221926
0.16933458
0.097911745
0.09060059
0.10831751
0.107342094
0.15082666
0.14655468
0.09319548
0.09171206
0.122127905
0.12980568
0.12922885
0.09099062
0.095812425
0.13275677
0.14418724
0.14067398
0.12397674
0.11610089
0.10997175
0.11843398
0.14735135
0.15333965
0.13611521
0.08618452
0.1261286
0.117834136
0.10352653
0.09905724
0.098624066
0.15421292
0.13229376
0.12201193
0.08852662
0.13797064
0.10970539
0.14755967
0.118819505
0.19303432
0.13821743
0.15625829
0.14289072
0.09672321
0.10352732
0.096393056
0.09720597
0.12219602
0.11426292
0.09610352
0.13380994
0.13684092
0.13906221
0.13639313
0.16256683
0.13224575
0.13333735
0.11144312
0.16730297
0.1619658
0.19883338
0.20731498
0.19841121
0.22149163
0.23473197
0.23201746
0.2509125
0.23402998
0.2232059
0.22284794
0.23205853
0.21656002
0.2095752
0.22793388
0.23651528
0.2031013
0.22242045
0.25421914
0.28461
0.3156649
0.25565183
0.26960272
0.3193461
0.30362877
0.29929706
0.27714875
0.2426003
0.27505654
0.2951269
0.30818927
0.3113586
0.27057174
0.25218546
0.22350502
0.21895118
0.29029903
0.29252928
0.27732718
0.27693382
0.2693019
0.28129324
0.28196678
0.28276
0.2571285
0.29766852
0.29487783
0.27080107
0.30602255
0.29565
0.3233063
0.36059302
0.36525354
0.35325488
0.37371758
0.39631453
0.37254748
0.3603402
0.34607413
0.36970523
0.34541425
0.38484403
0.35910347
0.34588304
0.35271338
0.35074344
0.37471977
0.37862852
0.36645737
0.37016547
0.37432286
0.3060968
0.3176148
0.29899272
0.27309954
0.24555273
0.20030202
0.19200367
0.23179731
0.23735504
0.2510372
0.23876843
0.22016194
0.23127204
0.20994136
0.21058398
0.17832145
0.18116325
0.19573474
0.19205622
0.23148984
0.24071433
0.20330927
0.17168093
0.23732823
0.2593565
0.24929601
0.25486773
0.2708685
0.2733616
0.28133833
0.27942356
0.3078018
0.31250763
0.31864566
0.32695243
0.31736994
0.30795148
0.32869932
0.30027157
0.30844498
0.30210397
0.29934844
0.30209896
0.2367551
0.2301367
0.22713628
0.21119829
0.24211983
0.25531918
0.2526403
0.2463353
0.24014725
0.20137715
0.21736588
0.24432686
0.22087792
0.24683172
0.23838645
0.23339304
0.23028982
0.22775564
0.23294932
0.20960051
0.20064414
0.19192272
0.20815799
0.2206067
0.20833565
0.20151997
0.21375576
0.22589734
0.22037214
0.2196435
0.20748691
0.19190127
0.19449276
0.19507298
0.2211809
0.19682088
0.24181378
0.2359519
0.25855565
0.25270122
0.24180081
0.22354645
0.2288287
0.21384946
0.2044532
0.21972388
0.20298162
0.2343804
0.20167986
0.19129434
0.18014751
0.21870184
0.22874522
0.2070498
0.2124018
0.19715878
0.19387563
0.19102652
0.19088206
0.17501587
0.16376936
0.19976082
0.17738108
0.17269865
0.18568169
0.20908463
0.1752366
0.16607754
0.17559873
0.16940112
0.16268924
0.16835856
0.18533817
0.1777629
0.15308219
0.14556974
0.15851174
0.14278117
0.17199843
0.17823659
0.1649635
0.1488893
0.16089068
0.120688185
0.15821153
0.15393578
0.15588598
0.14905338
0.16650763
0.12592317
0.15763907
0.14559309
0.14279631
0.12721337
0.13838635
0.12422775
0.12510806
0.117044374
0.109945685
0.1433782
0.13794379
0.12153937
0.12812407
0.10523598
0.117276356
0.117773145
0.13536201
0.10951039
0.10904069
0.12960921
0.13869083
0.1315465
0.14661573
0.12519854
0.119433686
0.10318592
0.12025821
0.102470025
0.103400975
0.14148903
0.12274735
0.1110549
0.109517634
0.08936303
0.13301964
0.10040562
0.12725209
0.084600866
0.09500122
0.07859118
0.1492223
0.13094394
0.13216329
0.12149714
0.11888713
0.115559146
0.076541126
0.12596028
0.108736515
0.086929746
0.08936395
0.0995472
0.105064854
0.103464216
0.11372012
0.114649385
0.1028177
0.11967276
0.1087791
0.09437339
0.09845568
0.12761135
0.096870095
0.0967183
0.10477628
0.13732855
0.13256116
0.09141962
0.1016157
0.12309684
0.11774136
0.10341157
0.11994654
0.09757219
0.1270599
0.10100866
0.13520363
0.113445
0.13473073
0.1261271
0.11724827
0.13726656
0.113969475
0.08765261
0.12196499
0.11967793
0.13090998
0.10954268
0.11234498
0.14333223
0.12996094
0.090408534
0.11876619
0.1616522
0.15767981
0.14627281
0.10138641
0.103465304
0.09716503
0.10217261
0.11550552
0.11965945
0.083740994
0.09939666
0.1022186
0.110510215
0.09844971
0.0680168
0.12551364
0.08687848
0.07457557
0.09997377
0.10452412
0.11697492
0.124207824
0.113198295
0.08884381
0.12511922
0.10759285
0.09067032
0.09239742
0.07351269
0.06683956
0.08224349
0.07413088
0.06159813
0.07158376
0.09262235
0.07651357
0.10152148
0.113193914
0.095612615
0.06587658
0.093088955
0.06912645
0.054069515
0.093480945
0.094097584
0.07558775
0.06453814
0.056120258
0.058071453
0.06869821
0.04930035
0.1051656
0.065267265
0.07810439
0.074759156
0.07380324
0.044707593
0.036589075
0.0347805
0.07053458
0.056955818
0.06998399
0.08183831
0.09133296
0.061538566
0.056435302
0.06416734
0.0610066
0.1142765
0.08047038
0.07662843
0.10249041
0.0851285
0.076567546
0.079622194
0.08334584
0.08013564
0.08664414
0.03962039
0.05319592
0.060876623
0.07769932
0.09120187
0.07135901
0.055729065
0.054632716
0.08024798
0.06471871
0.069053076
0.0403771
0.04581803
0.05687692
0.06089591
0.035423655
0.061616424
0.07097532
0.07973775
0.062986314
0.056592736
0.03192214
0.035788633
0.04893831
0.053005867
0.048391074
0.07355554
0.06442474
0.0908394
0.08626259
0.067532144
0.08847373
0.08367795
0.07745039
0.069040716
0.052390326
0.0633236
0.035615772
0.060735736
0.05307226
0.051478952
0.11091252
0.06912708
0.06519245
0.063431606
0.04409327
0.07575624
0.061341554
0.10452999
0.037843652
0.039920736
0.015674073
0.04111882
0.08397726
0.044636104
0.063779116
0.081631035
0.079832196
0.09627396
0.09225288
0.09625308
0.09193775
0.08688642
0.06487864
0.03228664
0.021452587
0.026164297
0.067411184
0.07168332
0.059142146
0.06318925
0.044927917
0.059726555
0.06762577
0.05062135
0.08733289
0.09357026
0.088461585
0.06846663
0.08452017
0.09214498
0.085681535
0.09613445
0.09686515
0.07299422
0.07525809
0.06879342
0.07684862
0.067040786
0.076061025
0.07500748
0.10676992
0.11495809
0.08571792
0.076937616
0.08849445
0.05124625
0.089990795
0.055764638
0.0807417
0.1409362
0.10626072
0.09416628
0.08129244
0.08042173
0.07585672
0.072862595
0.08458711
0.10922071
0.06859231
0.10110077
0.11152671
0.1336351
0.107120946
0.076382056
0.096404485
0.14040488
0.15464064
0.12733792
0.13567105
0.0993097
0.08745715
0.105469346
0.1112144
0.10601725
0.07124769
0.057823706
0.052086983
0.036527824
0.05852743
0.10178825
0.05415384
0.07628763
0.0639182
0.05040889
0.04911958
0.09877688
0.108555794
0.09151299
0.09534633
0.079178855
0.015931796
0.0022474714
-0.010997791
-0.001395274
0.0051711164
0.049483735
-0.0011632033
-0.0034159012
0.033893764
0.0664486
0.067021325
0.047825523
0.07157508
0.04764024
0.06843877
0.057188097
-0.026470851
-0.034466285
0.014741946
-0.012020145
-0.0021751113
0.045654826
0.043874033
0.036740836
0.03731325
0.053578477
0.04902925
0.065763116
0.07826133
0.06887485
0.06703724
0.041274536
0.05315663
0.062445384
0.04707427
0.113768205
0.1013231
0.09294744
0.066000685
0.06139014
0.09475263
0.064253464
0.06637109
0.092277944
0.05478399
0.057329543
0.045765568
0.0751484
0.08576484
0.060109936
0.10471776
0.10008326
0.08523659
0.059494518
0.08734229
0.06579396
0.06345332
0.10731493
0.121585086
0.09361613
0.11161971
0.08038814
0.10896982
0.09811112
0.105577916
0.121032625
0.07452807
0.07011849
0.10318191
0.11305694
0.11656697
0.08888606
0.066385075
0.09865535
0.07767254
0.107843325
0.06184844
0.105650246
0.11053373
0.11161959
0.10919948
0.11714612
0.111404225
0.10552603
0.11957282
0.1316392
0.13187566
0.14037745
0.12743567
0.11360642
0.11737418
0.11391239
0.10124569
0.118949056
0.10713795
0.12606269
0.1497102
0.13917916
0.16134292
0.14770886
0.14199634
0.14434905
0.14346448
0.1308311
0.13040459
0.121897
0.13791808
0.12037419
0.08812193
0.08831796
0.068824224
0.13281429
0.13578506
0.12115519
0.08867957
0.103096575
0.1068335
0.114422634
0.10307009
0.10164197
0.10797796
0.12319842
0.070911065
0.12433815
0.13591272
0.10413712
0.13601644
0.15701616
0.14066316
0.101266876
0.13188952
0.12732463
0.14371608
0.13639788
0.124785304
0.1308675
0.10988055
0.11715309
0.13975741
0.14129558
0.13941972
0.1411928
0.12592198
0.077223904
0.096414804
0.1051957
0.09289241
0.13573532
0.12053403
0.11402659
0.10957274
0.12697732
0.10725035
0.115419015
0.098579496
0.14939871
0.10265531
0.08324269
0.07985508
0.116005495
0.0768155
0.11721943
0.10072602
0.09118684
0.07784751
0.10322076
0.12904069
0.11175004
0.062786326
0.070991725
0.090314835
0.06164755
0.08034617
0.073848404
0.087449566
0.076738216
0.09628962
0.09179872
0.08936469
0.093916506
0.070471406
0.12758037
0.1069603
0.1043998
0.08827849
0.11891231
0.11628756
0.11815834
0.10462184
0.069366425
0.086884096
0.09485974
0.113020554
0.069184706
0.10325106
0.08507541
0.10154297
0.10270033
0.09734694
0.09027018
0.10921374
0.1341776
0.115707725
0.108391955
0.11242859
0.11203043
0.100274324
0.114690244
0.14843501
0.1451037
0.12783515
0.14500278
0.15748894
0.12963754
0.13884702
0.14182852
0.110613525
0.13128525
0.11687128
0.11962059
0.10809225
0.14290798
0.15856262
0.14686322
0.15066375
0.1422834
0.13971314
0.15429345
0.14528207
0.13776629
0.12837924
0.1719012
0.16601741
0.15174085
0.1306799
0.12837654
0.15223984
0.11621046
0.15811732
0.13919364
0.14243807
0.14662947
0.13220416
0.12467703
0.11932397
0.18079357
0.1419506
0.1604423
0.11044796
0.1508664
0.13052669
0.1258087
0.116239965
0.13571478
0.14978245
0.13800871
0.11747883
0.14398992
0.12532043
0.104159705
0.13020268
0.14476606
0.13598084
0.12140493
0.1435421
0.12780584
0.11170499
0.14358853
0.13852437
0.12694415
0.12097761
0.1284679
0.101019375
0.09717548
0.10691579
0.13679105
0.11570136
0.1176081
0.12909827
0.11698225
0.12853308
0.13398823
0.15708764
0.13361938
0.13357873
0.11471906
0.14654289
0.15855245
0.14855099
0.15896288
0.17083405
0.15216617
0.15734582
0.14883214
0.16138272
0.1353335
0.15923631
0.15022823
0.17158109
0.14644289
0.14220434
0.12848711
0.13751887
0.15109922
0.15234719
0.17112471
0.14560801
0.14679924
0.12503007
0.1242062
0.109219655
0.12623197
0.1478797
0.17569692
0.17643484
0.15366197
0.12794219
0.13619545
0.15749872
0.13622878
0.15988873
0.16343239
0.18013
0.1477377
0.12906983
0.13075511
0.13351552
0.14153767
0.13011172
0.1754336
0.10416447
0.1208159
0.13656229
0.14444344
0.119888544
0.17284295
0.1348229
0.12748486
0.1367365
0.12541696
0.12856704
0.124463946
0.13241178
0.13389735
0.15342286
0.1255646
0.11365689
0.10047127
0.1056882
0.1426157
0.09862277
0.11655125
0.15526779
0.13713174
0.1534091
0.14458176
0.13566835
0.09932874
0.116073444
0.12841809
0.1360048
0.13798511
0.15142082
0.1697114
0.13085286
0.18358484
0.15693405
0.16855597
0.13572936
0.13956496
0.115720406
0.11858854
0.10603602
0.13939966
0.13910867
0.12298156
0.09651548
0.13873437
0.14581902
0.14548443
0.15355444
0.1309676
0.1336308
0.111145034
0.19025564
0.17732972
0.15499273
0.1580487
0.1566721
0.18501538
0.1794694
0.16142589
0.14062944
0.14691222
0.11269602
0.13684012
0.16617553
0.1839329
0.14504111
0.13689202
0.14080101
0.16928267
0.16424951
0.1777374
0.1551899
0.17370185
0.15165904
0.17740345
0.18562536
0.16468124
0.16775122
0.16736129
0.14099412
0.08456553
0.08054596
0.103477135
0.11730309
0.15386893
0.14803979
0.10610157
0.12482014
0.1370098
0.16102514
0.17956722
0.17082311
0.16669299
0.15899615
0.16554195
0.19137529
0.1766134
0.15709886
0.19950378
0.19242135
0.19430578
0.16015889
0.17953885
0.14943698
0.15492022
0.1562748
0.16715664
0.18231076
0.17278062
0.16673918
0.16015826
0.1909405
0.15189797
0.17667452
0.15698834
0.16532886
0.17369619
0.19352521
0.14450318
0.20735604
0.17630841
0.20813987
0.1734672
0.18810692
0.17509824
0.19491503
0.147382
0.20309852
0.21653667
0.16777691
0.12837604
0.115468964
0.13477714
0.16846076
0.18765336
0.15604185
0.19317046
0.17200363
0.19694214
0.19018736
0.23096347
0.19668655
0.18055657
0.19407868
0.21668348
0.19454628
0.18245995
0.18406786
0.18561563
0.1927351
0.231093
0.20480505
0.22627266
0.22512043
0.23392102
0.22051236
0.17885901
0.21389765
0.21738455
0.22085989
0.20489945
0.20515853
0.220838
0.22994566
0.23696518
0.19445398
0.1973708
0.21458629
0.16404605
0.15420336
0.16150382
0.189813
0.15321158
0.16925353
0.118520886
0.17228924
0.16406144
0.18959364
0.17296307
0.17427896
0.18839207
0.19567299
0.1624679
0.19519854
0.16932474
0.20705062
0.16608272
0.14472063
0.17486197
0.14235902
0.15314473
0.14862177
0.1323681
0.1478781
0.12166776
0.13086921
0.11514315
0.12705828
0.13861758
0.1402107
0.14798483
0.111495376
0.12773293
0.14992629
0.15917686
0.14420426
0.16120775
0.13293572
0.13068736
0.15745384
0.17673859
0.18939129
0.19863701
0.19291836
0.22258803
0.17299111
0.16951919
0.17266205
0.18764116
0.17238751
0.17478696
0.15547584
0.15075411
0.14365359
0.16584021
0.15432116
0.15471165
0.18390998
0.1967467
0.18647122
0.14913803
0.17148073
0.18180361
0.15557173
0.16946849
0.14998244
0.14581561
0.14837047
0.1348569
0.09140713
0.14427945
0.14141516
0.13907675
0.16657355
0.1606367
0.16369544
0.12372893
0.13432123
0.08748418
0.12573513
0.120410636
0.11762628
0.107748166
0.13639937
0.14230429
0.16698807
0.19306353
0.18498322
0.15882593
0.15528412
0.14443189
0.14372508
0.1577052
0.1430585
0.18038104
0.17942064
0.1833337
0.18329859
0.18884471
0.19653535
0.16157566
0.16402575
0.18922368
0.15378478
0.16235058
0.18000677
0.17294505
0.19581603
0.20836224
0.19992682
0.2116422
0.21851328
0.20366326
0.19741486
0.20955047
0.21609147
0.1800317
0.18697752
0.19816023
0.19189455
0.1802651
0.19637933
0.21202861
0.19173059
0.18188125
0.17502637
0.19734614
0.19301845
0.19975133
0.20456283
0.21622226
0.21904808
0.23242608
0.22402626
0.22744909
0.21822716
0.19804354
0.180584
0.18485448
0.20729512
0.15386058
0.15603077
0.18008171
0.15354979
0.14430806
0.15880963
0.13588353
0.123928815
0.128935
0.122099146
0.09961775
0.14385954
0.11621992
0.12426193
0.13686717
0.13447405
0.104730904
0.13858075
0.15355554
0.15335788
0.15373848
0.17348015
0.16598845
0.16585045
0.15406647
0.13550767
0.14412731
0.14433232
0.12081289
0.14460574
0.12541893
0.1265318
0.11028667
0.11924018
0.123518765
0.14386451
0.15367535
0.13313177
0.15897569
0.16407414
0.16726506
0.16859157
0.15827519
0.14845407
0.15171932
0.1627445
0.17738491
0.16702344
0.1396714
0.15116422
0.14100988
0.13442582
0.12651916
0.111952126
0.085604556
0.12086335
0.093866654
0.11673562
0.11020237
0.16396046
0.17357808
0.14321144
0.13840525
0.13425948
0.114736006
0.109169066
0.07145226
0.033285234
-0.011894662
-0.05920664
-0.056989122
-0.074131876
-0.090648144
-0.14936727
-0.14956135
-0.1553235
-0.1543096
-0.17497805
-0.17351648
-0.21659932
-0.15825689
-0.16494392
-0.13180277
-0.13764256
-0.11771354
-0.13976765
-0.11432192
-0.1638864
-0.18343322
-0.14632916
-0.15065172
-0.16170342
-0.12571692
-0.1149386
-0.10983086
-0.13097852
-0.12836409
-0.11189777
-0.12208845
-0.11165199
-0.0774727
-0.06971522
-0.10240899
-0.09112933
-0.09101102
-0.09166558
-0.08021265
-0.04572515
-0.02715021
-0.03386933
-0.051774997
-0.034661274
-0.038809914
-0.07086936
-0.079985395
-0.07123461
-0.059016194
-0.046266977
-0.063246295
-0.07459962
-0.015404079
-0.050966505
-0.03277876
-0.03526609
-0.01799018
-0.028241869
-0.032392327
-0.03575399
-0.034980092
-0.034471747
-0.022428032
-0.055162173
-0.046316426
-0.034005094
-0.049994234
-0.0015927851
0.05731547
0.07896856
0.08224939
0.098278
0.115782395
0.11358501
0.11449389
0.09993218
0.09645269
0.09752883
0.10255706
0.10583246
0.08307098
0.11557664
0.11483362
0.1447206
0.12185563
0.14116918
0.118789
0.12116277
0.14348789
0.13889204
0.12492688
0.09792949
0.12454343
0.13346915
0.10459707
0.13523638
0.15001549
0.14473014
0.13381921
0.1305483
0.11157942
0.11970438
0.12127818
0.11555703
0.12723193
0.12048642
0.11943421
0.123422235
0.11393972
0.15387093
0.099291384
0.1278447
0.15411915
0.1369466
0.12325813
0.13173863
0.124314606
0.132568
0.11005545
0.11325465
0.1478929
0.13113016
0.10703063
0.12894155
0.119344845
0.091011204
0.11158338
0.09910171
0.08544524
0.060804334
0.07592187
0.09443243
0.11912593
0.13362527
0.09057278
0.09476143
0.110303015
0.10092154
0.08474763
0.1188342
0.14235644
0.07826047
0.13078798
0.095574625
0.07512634
0.10735789
0.09414475
0.09137472
0.124130905
0.11687207
0.08608723
0.12552346
0.11672671
0.09554748
0.089615665
0.09837151
0.099511884
0.09641825
0.13433841
0.12350945
0.14391336
0.10120611
0.110781536
0.12477851
0.12007716
0.14128852
0.117710456
0.16173244
0.16801143
0.15584968
0.16106178
0.17210998
0.17175958
0.15428862
0.1827523
0.17247464
0.18737054
0.1831317
0.19921373
0.18803164
0.18311894
0.18340132
0.19746481
0.19031116
0.16369703
0.17756286
0.15427612
0.16242036
0.15565707
0.15229158
0.114156604
0.17708638
0.15082565
0.16238286
0.16082759
0.14087181
0.16940846
0.13497384
0.17611152
0.18574247
0.16565062
0.15825652
0.16587977
0.12970135
0.15024662
0.14773914
0.17561932
0.16269328
0.17269596
0.17653999
0.18947855
0.17388667
0.17695074
0.18580037
0.186813
0.1550596
0.21428514
0.15288493
0.14526291
0.15125734
0.14546832
0.16288431
0.14853479
0.14076333
0.13551526
0.18085323
0.17074847
0.14901774
0.15341029
0.13106208
0.14522742
0.1318555
0.16333807
0.15068388
0.16854173
0.16111118
0.14764473
0.14676784
0.13608402
0.14083375
0.1408161
0.13254397
0.13000102
0.1223679
0.11932145
0.08147034
0.10852578
0.104824096
0.13818307
0.12409586
0.11323115
0.12789407
0.11196734
0.09798719
0.1696805
0.14912426
0.1917562
0.15242909
0.16619636
0.18823974
0.15493864
0.17209014
0.16374536
0.18221074
0.16206984
0.1662312
0.18902133
0.17633455
0.21228915
0.20570748
0.18020475
0.19261405
0.23077881
0.2383869
0.22661899
0.2279965
0.22183445
0.24669008
0.21595907
0.22307558
0.23869717
0.24331823
0.21860804
0.23277763
0.20346245
0.2316429
0.2468643
0.22658892
0.23388976
0.2628966
0.21371296
0.23307595
0.24545673
0.24013379
0.23726352
0.25008154
0.23560856
0.2512739
0.2450851
0.23947573
0.19187996
0.18419535
0.20341241
0.24592568
0.20637679
0.2037423
0.17697538
0.2155081
0.20347422
0.1788589
0.1836161
0.2097242
0.21620685
0.18167001
0.22038503
0.21130693
0.20300767
0.21956828
0.22678965
0.25839385
0.21490043
0.16185184
0.19435978
0.16046612
0.16851798
0.15144287
0.17675486
0.17159146
0.16614436
0.17625722
0.19798175
0.20712602
0.21336329
0.21321994
0.23478337
0.210077
0.1974961
0.19327304
0.19256261
0.18083856
0.1829384
0.20473981
0.17257014
0.1687746
0.18513036
0.18514794
0.17316681
0.17496522
0.17557673
0.16245924
0.15472412
0.17724597
0.1459547
0.1701616
0.18813998
0.19928944
0.18234941
0.15596768
0.1581354
0.17492819
0.17405614
0.16759709
0.22624491
0.21139592
0.18426386
0.24495628
0.212724
0.21394023
0.21054125
0.24154022
0.21905388
0.21581203
0.21110466
0.23654395
0.21150161
0.23116075
0.25807014
0.25936598
0.23917875
0.22787756
0.24131659
0.22523575
0.22809139
0.2418311
0.2357721
0.22943836
0.23043345
0.19310132
0.18382028
0.23011042
0.19847667
0.21993901
0.19950864
0.21935442
0.23009345
0.21748446
0.19298953
0.21647343
0.18261126
0.21446878
0.20878181
0.1915366
0.19900632
0.19408324
0.22602952
0.1993534
0.18213412
0.20322822
0.20700611
0.16462253
0.1809948
0.190664
0.20408353
0.17263782
0.17457294
0.13216366
0.16246615
0.095623046
0.12268315
0.13047945
0.1453758
0.1404851
0.1368774
0.15011242
0.14637707
0.1764256
0.1549298
0.175256
0.17103565
0.1714639
0.18011957
0.20030293
0.19541204
0.18835863
0.19151565
0.18287261
0.16385098
0.17568114
0.20158106
0.19240057
0.18153462
0.20541847
0.19402753
0.20223515
0.18872517
0.19045818
0.16310689
0.19550097
0.20006193
0.20383058
0.2208277
0.20713428
0.1941415
0.22150484
0.24434504
0.22342595
0.19712749
0.16766408
0.16537988
0.19602007
0.16017488
0.19214031
0.14748566
0.10897727
0.18500909
0.16652513
0.16658331
0.18967411
0.15679121
0.14002666
0.15197103
0.15849642
0.14988045
0.16304645
0.1136722
0.13896063
0.13314053
0.10893771
0.12602526
0.1242232
0.17591143
0.18466657
0.1762181
0.1637482
0.13305807
0.14187829
0.15709127
0.13103381
0.12814204
0.15630372
0.15098691
0.10227029
0.08276419
0.0873529
0.07838137
0.10042167
0.067868024
0.036426336
0.06659408
0.081939325
0.095726535
0.0856512
0.084709644
0.09153884
0.13386635
0.13570926
0.17038965
0.13825533
0.16634008
0.15123689
0.18706432
0.1937125
0.16636962
0.17622693
0.1708732
0.15473379
0.15416354
0.19171092
0.17420647
0.19041555
0.17347437
0.1989484
0.15292077
0.17748207
0.15359136
0.17119738
0.20257798
0.21838295
0.21521345
0.19049034
0.19954917
0.19986102
0.15540645
0.17805666
0.16480155
0.18101381
0.18631276
0.19298501
0.21201612
0.17708918
0.16041104
0.16284351
0.16392328
0.15315837
0.16902283
0.13880944
0.13339467
0.15514752
0.11406015
0.12904808
0.13391113
0.10868248
0.12752116
0.09133281
0.11209373
0.16613205
0.15161484
0.18492538
0.19759496
0.17047296
0.20560946
0.17553425
0.21230231
0.22593531
0.23783603
0.2653349
0.26728565
0.29049155
0.30395773
0.27485353
0.26147786
0.24601653
0.23518082
0.22188589
0.17803429
0.18474898
0.1939497
0.19619507
0.19616054
0.22274563
0.19005407
0.1755002
0.19162811
0.17338678
0.18334189
0.19008645
0.20678961
0.1903759
0.19755016
0.18881138
0.20376396
0.18090759
0.15941411
0.1644412
0.15829432
0.19446638
0.21246153
0.23101763
0.26545542
0.27096528
0.2720621
0.2504563
0.26550013
0.23707287
0.21814476
0.250808
0.24605542
0.18464027
0.18281358
0.20943205
0.1908485
0.24607094
0.21821782
0.20609707
0.2053518
0.19081415
0.16656215
0.1703754
0.12606719
0.17645752
0.16583635
0.14262678
0.13480714
0.19202816
0.20577139
0.2267524
0.23178306
0.2419216
0.21659414
0.2178076
0.21833622
0.17899883
0.22730747
0.22101802
0.23075315
0.24059373
0.26612568
0.246009
0.28361642
0.26573065
0.27247676
0.2784364
0.27078962
0.28986338
0.28327918
0.2709389
0.25702128
0.27648616
0.26116204
0.2563458
0.24168311
0.2492655
0.24942815
0.2688098
0.26226163
0.25952193
0.27221182
0.26723957
0.23901317
0.24537385
0.25411165
0.25415906
0.24028218
0.22045346
0.24238352
0.19630383
0.20462787
0.24398133
0.28892842
0.32247058
0.28885242
0.25764766
0.26491842
0.28737867
0.27937907
0.29886824
0.29316464
0.2144559
0.22632352
0.24287587
0.28686836
0.3217534
0.31814462
0.2848646
0.23542145
0.2322192
0.2710142
0.29500213
0.29111278
0.28418723
0.28428763
0.2544561
0.24816464
0.2319205
0.23467505
0.25901696
0.28840733
0.31973436
0.3429584
0.32835704
0.347222
0.3603212
0.36363122
0.38371834
0.39432374
0.38100663
0.35330123
0.3462399
0.3285959
0.34527782
0.34844032
0.34879678
0.32610098
0.30857673
0.30031356
0.3106194
0.29066992
0.29078546
0.2851758
0.27556896
0.2737102
0.28541553
0.25670674
0.24976134
0.22912268
0.22495031
0.27685434
0.29214472
0.31260902
0.36823544
0.39623287
0.37327698
0.35006997
0.36727414
0.36077118
0.3362764
0.34710535
0.34812325
0.35621345
0.35399854
0.36485538
0.3263546
0.31241053
0.31148902
0.36008683
0.32826862
0.2904798
0.29661143
0.2839021
0.29971007
0.28853917
0.25204015
0.2474961
0.2318919
0.23046239
0.26854557
0.32122877
0.28491053
0.31343442
0.32315603
0.32200834
0.35074976
0.30480248
0.2804741
0.26859656
0.20639193
0.23151204
0.21188594
0.2370427
0.2574828
0.28526062
0.22188762
0.22578108
0.25833985
0.2556561
0.25914714
0.27065042
0.21005502
0.22144777
0.23230605
0.20463681
0.2115263
0.18721098
0.15860038
0.16094992
0.16119766
0.19746518
0.23367618
0.22348785
0.20388275
0.14021696
0.1604793
0.19291827
0.122395545
0.16442502
0.16786855
0.16833775
0.1906119
0.12938774
0.2055347
0.20909768
0.1769513
0.17760584
0.1742857
0.16134106
0.19107676
0.20029432
0.23000562
0.26509863
0.25322288
0.26779747
0.23457819
0.2609998
0.21666431
0.23566642
0.20746754
0.1887048
0.16714917
0.16103409
0.16608667
0.18215026
0.18707879
0.19617742
0.19319761
0.21683677
0.17976482
0.18480285
0.19870007
0.24828622
0.27669534
0.23052505
0.25855306
0.25575578
0.27386287
0.19600022
0.20866719
0.23654744
0.23117949
0.2383335
0.24801782
0.23690282
0.22594132
0.19450837
0.19138893
0.19325723
0.19991107
0.16239445
0.16724302
0.17747588
0.18214191
0.21997406
0.2037323
0.20665166
0.18322986
0.15138444
0.15090239
0.14123286
0.14265947
0.12730254
0.13589305
0.14194535
0.1595643
0.14854899
0.18809494
0.1667349
0.15632738
0.18724099
0.19572045
0.19194704
0.19709314
0.17743145
0.17832643
0.16451903
0.16543123
0.16650918
0.14625783
0.17736503
0.17467442
0.19457719
0.19112681
0.17304453
0.21232712
0.20009738
0.16660051
0.17806274
0.10453881
0.11417633
0.10544641
0.11609657
0.06912777
0.061804503
0.06974728
0.0699396
0.06517778
0.077831
0.062258847
0.04708529
0.071718656
0.09421379
0.10053097
0.1101391
0.0837819
0.12818538
0.16401239
0.1744402
0.15189573
0.17569308
0.17920779
0.14957018
0.16026936
0.16020045
0.21724632
0.3074998
0.34660685
0.39388967
0.41676107
0.48460728
0.3682274
0.3569902
0.33196482
0.014438596
0.09804848
0.0376223
-0.091673836
-0.17724735
-0.34082708
-0.22732359
-0.2417281
-0.23620102
-0.2561309
