0.049412
0.048780
0.047767
0.047048
0.046294
0.045503
0.044675
0.043811
0.042909
0.041969
0.040991
0.039974
0.038918
0.037823
0.036106
0.034914
0.033681
0.032406
0.031094
0.029742
0.028351
0.026920
0.025451
0.023944
0.022398
0.020815
0.018372
0.016699
0.014990
0.013248
0.011472
0.009664
0.007826
0.005957
0.004061
0.002137
0.000188
-0.001785
-0.004787
-0.006812
-0.008856
-0.010916
-0.012989
-0.015075
-0.017170
-0.019274
-0.021382
-0.023494
-0.025607
-0.027718
-0.030877
-0.032974
-0.035061
-0.037135
-0.039194
-0.041236
-0.043257
-0.045256
-0.047229
-0.049175
-0.051091
-0.052974
-0.055732
-0.057523
-0.059272
-0.060978
-0.062639
-0.064252
-0.065814
-0.067325
-0.068781
-0.070181
-0.071523
-0.072804
-0.074609
-0.075731
-0.076788
-0.077777
-0.078695
-0.079543
-0.080317
-0.081018
-0.081642
-0.082189
-0.082658
-0.083047
-0.083477
-0.083660
-0.083759
-0.083771
-0.083697
-0.083534
-0.083282
-0.082939
-0.082504
-0.081975
-0.081352
-0.080633
-0.079370
-0.078408
-0.077343
-0.076177
-0.074908
-0.073535
-0.072057
-0.070471
-0.068778
-0.066975
-0.065062
-0.063037
-0.059788
-0.057480
-0.055055
-0.052512
-0.049856
-0.047079
-0.044184
-0.041169
-0.038030
-0.034778
-0.031401
-0.027904
-0.022419
-0.018632
-0.014712
-0.010664
-0.006510
-0.002234
0.002158
0.006666
0.011287
0.016016
0.020859
0.025809
0.033430
0.038637
0.043942
0.049341
0.054831
0.060408
0.066067
0.071806
0.077618
0.083500
0.089447
0.095453
0.104576
0.110696
0.116863
0.123077
0.129315
0.135576
0.141861
0.148145
0.154440
0.160734
0.167020
0.173294
0.182678
0.188878
0.195056
0.201200
0.207284
0.213323
0.219303
0.225219
0.231067
0.236840
0.242534
0.248143
0.256401
0.261775
0.267072
0.272232
0.277302
0.282262
0.287108
0.291838
0.296450
0.300940
0.305307
0.309553
0.315687
0.319598
0.323396
0.327056
0.330591
0.333994
0.337268
0.340412
0.343427
0.346313
0.349072
0.351703
0.355418
0.357743
0.359947
0.362033
0.364003
0.365859
0.367606
0.369243
0.370776
0.372203
0.373531
0.374762
0.376435
0.377439
0.378357
0.379192
0.379949
0.380631
0.381241
0.381782
0.382257
0.382671
0.383026
0.383326
0.383680
0.383856
0.383989
0.384080
0.384135
0.384154
0.384141
0.384100
0.384031
0.383939
0.383825
0.383691
0.383459
0.383287
0.383102
0.382907
0.382702
0.382490
0.382272
0.382048
0.381819
0.381588
0.381353
0.381116
0.380756
0.380514
0.380270
0.380025
0.379776
0.379524
0.379269
0.379009
0.378744
0.378474
0.378195
0.377909
0.377459
0.377146
0.376818
0.376476
0.376117
0.375740
0.375343
0.374925
0.374482
0.374015
0.373521
0.372998
0.372156
0.371556
0.370921
0.370249
0.369541
0.368795
0.368009
0.367181
0.366313
0.365402
0.364447
0.363448
0.361866
0.360756
0.359601
0.358400
0.357155
0.355864
0.354531
0.353154
0.351734
0.350274
0.348770
0.347230
0.344843
0.343213
0.341545
0.339845
0.338115
0.336356
0.334572
0.332763
0.330933
0.329084
0.327218
0.325337
0.322492
0.320588
0.318677
0.316763
0.314848
0.312935
0.311027
0.309126
0.307233
0.305353
0.303488
0.301639
0.298899
0.297102
0.295329
0.293578
0.291856
0.290163
0.288500
0.286869
0.285274
0.283710
0.282183
0.280691
0.278522
0.277127
0.275768
0.274448
0.273168
0.271926
0.270724
0.269560
0.268437
0.267351
0.266303
0.265292
0.263843
0.262923
0.262036
0.261183
0.260361
0.259570
0.258808
0.258074
0.257366
0.256685
0.256026
0.255388
0.254468
0.253877
0.253302
0.252740
0.252189
0.251649
0.251116
0.250590
0.250067
0.249548
0.249028
0.248507
0.247719
0.247188
0.246648
0.246100
0.245540
0.244969
0.244383
0.243783
0.243166
0.242531
0.241877
0.241203
0.240152
0.239425
0.238675
0.237899
0.237102
0.236278
0.235429
0.234556
0.233657
0.232733
0.231784
0.230810
0.229302
0.228268
0.227210
0.226130
0.225027
0.223904
0.222762
0.221600
0.220422
0.219228
0.218018
0.216794
0.214937
0.213686
0.212427
0.211161
0.209890
0.208615
0.207339
0.206064
0.204789
0.203521
0.202258
0.201001
0.199130
0.197899
0.196679
0.195472
0.194283
0.193109
0.191954
0.190819
0.189704
0.188612
0.187541
0.186494
0.184968
0.183983
0.183023
0.182088
0.181178
0.180294
0.179436
0.178602
0.177793
0.177007
0.176245
0.175504
0.174432
0.173742
0.173069
0.172412
0.171769
0.171137
0.170516
0.169902
0.169294
0.168689
0.168084
0.167476
0.166554
0.165928
0.165289
0.164635
0.163961
0.163264
0.162542
0.161791
0.161007
0.160187
0.159328
0.158427
0.156986
0.155963
0.154885
0.153749
0.152552
0.151291
0.149963
0.148565
0.147094
0.145546
0.143921
0.142215
0.139500
0.137583
0.135581
0.133484
0.131298
0.129020
0.126648
0.124182
0.121620
0.118963
0.116209
0.113359
0.108904
0.105815
0.102635
0.099357
0.095987
0.092525
0.088973
0.085334
0.081605
0.077800
0.073909
0.069940
0.065895
0.059692
0.055471
0.051185
0.046838
0.042434
0.037976
0.033469
0.028916
0.024322
0.019692
0.015030
0.010330
0.003263
-0.001476
-0.006226
-0.010982
-0.015740
-0.020495
-0.025241
-0.029975
-0.034690
-0.039383
-0.044047
-0.048680
-0.055557
-0.060088
-0.064569
-0.068997
-0.073367
-0.077675
-0.081916
-0.086086
-0.090181
-0.094196
-0.098129
-0.101974
-0.107571
-0.111182
-0.114697
-0.118106
-0.121408
-0.124600
-0.127679
-0.130641
-0.133486
-0.136211
-0.138811
-0.141286
-0.144756
-0.146904
-0.148918
-0.150796
-0.152536
-0.154136
-0.155595
-0.156911
-0.158081
-0.159105
-0.159982
-0.160710
-0.161522
-0.161875
-0.162076
-0.162124
-0.162020
-0.161763
-0.161353
-0.160787
-0.160070
-0.159199
-0.158174
-0.156993
-0.154946
-0.153389
-0.151683
-0.149828
-0.147826
-0.145678
-0.143383
-0.140949
-0.138374
-0.135662
-0.132815
-0.129835
-0.125123
-0.121826
-0.118408
-0.114872
-0.111222
-0.107468
-0.103605
-0.099637
-0.095582
-0.091433
-0.087198
-0.082878
-0.076273
-0.071789
-0.067235
-0.062633
-0.057984
-0.053294
-0.048571
-0.043820
-0.039049
-0.034265
-0.029474
-0.024674
-0.017515
-0.012757
-0.008025
-0.003324
0.001338
0.005953
0.010515
0.015023
0.019455
0.023820
0.028106
0.032311
0.038436
0.042400
0.046260
0.050011
0.053647
0.057165
0.060561
0.063829
0.066968
0.069974
0.072844
0.075578
0.079407
0.081783
0.084015
0.086101
0.088041
0.089835
0.091485
0.092987
0.094345
0.095559
0.096632
0.097566
0.098704
0.099297
0.099758
0.100092
0.100300
0.100388
0.100358
0.100215
0.099964
0.099608
0.099152
0.098601
0.097606
0.096839
0.095993
0.095074
0.094087
0.093038
0.091932
0.090771
0.089566
0.088319
0.087032
0.085713
0.083688
0.082310
0.080917
0.079512
0.078101
0.076687
0.075274
0.073866
0.072467
0.071079
0.069709
0.068354
0.066372
0.065080
0.063816
0.062583
0.061384
0.060220
0.059093
0.058005
0.056956
0.055949
0.054984
0.054063
0.052763
0.051953
0.051188
0.050468
0.049794
0.049166
0.048582
0.048044
0.047552
0.047103
0.046698
0.046335
0.045871
0.045613
0.045394
0.045214
0.045072
0.044966
0.044896
0.044860
0.044857
0.044885
0.044944
0.045031
0.045214
0.045367
0.045545
0.045746
0.045968
0.046210
0.046470
0.046748
0.047041
0.047349
0.047670
0.048003
0.048521
0.048878
0.049242
0.049612
0.049987
0.050365
0.050746
0.051129
0.051511
0.051892
0.052272
0.052648
0.053203
0.053567
0.053924
0.054274
0.054614
0.054945
0.055265
0.055574
0.055871
0.056155
0.056425
0.056681
0.057035
0.057251
0.057450
0.057632
0.057796
0.057941
0.058067
0.058174
0.058261
0.058329
0.058376
0.058402
0.058404
0.058379
0.058334
0.058268
0.058183
0.058077
0.057951
0.057807
0.057644
0.057462
0.057262
0.057046
0.056691
0.056436
0.056166
0.055883
0.055587
0.055281
0.054965
0.054640
0.054307
0.053968
0.053624
0.053275
0.052750
0.052399
0.052049
0.051700
0.051356
0.051018
0.050686
0.050361
0.050047
0.049743
0.049451
0.049172
0.048781
0.048540
0.048316
0.048110
0.047923
0.047756
0.047609
0.047484
0.047380
0.047299
0.047240
0.047205
0.047195
0.047218
0.047265
0.047335
0.047428
0.047544
0.047682
0.047843
0.048025
0.048228
0.048452
0.048695
0.049095
0.049383
0.049688
0.050008
0.050343
0.050690
0.051050
0.051421
0.051802
0.052191
0.052588
0.052991
0.053604
0.054017
0.054433
0.054849
0.055265
0.055680
0.056093
0.056503
0.056908
0.057309
0.057704
0.058092
0.058659
0.059028
0.059388
0.059738
0.060078
0.060408
0.060728
0.061037
0.061335
0.061622
0.061898
0.062163
0.062540
0.062778
0.063005
0.063222
0.063429
0.063625
0.063813
0.063991
0.064160
0.064322
0.064475
0.064622
0.064828
0.064958
0.065083
0.065202
0.065318
0.065429
0.065536
0.065641
0.065743
0.065843
0.065942
0.066039
0.066184
0.066281
0.066378
0.066476
0.066575
0.066676
0.066778
0.066883
0.066990
0.067099
0.067212
0.067328
0.067507
0.067632
0.067760
0.067892
0.068028
0.068169
0.068313
0.068462
0.068616
0.068774
0.068936
0.069103
0.069363
0.069541
0.069725
0.069912
0.070105
0.070302
0.070503
0.070709
0.070919
0.071133
0.071351
0.071573
0.071913
0.072145
0.072379
0.072617
0.072858
0.073101
0.073347
0.073595
0.073845
0.074097
0.074350
0.074604
0.074986
0.075241
0.075495
0.075749
0.076002
0.076254
0.076504
0.076751
0.076996
0.077238
0.077476
0.077710
0.078053
0.078275
0.078493
0.078704
0.078908
0.079107
0.079298
0.079481
0.079657
0.079825
0.079983
0.080134
0.080341
0.080468
0.080585
0.080692
0.080788
0.080874
0.080950
0.081014
0.081067
0.081110
0.081141
0.081161
0.081169
0.081160
0.081140
0.081108
0.081064
0.081009
0.080943
0.080865
0.080775
0.080673
0.080561
0.080436
0.080228
0.080075
0.079911
0.079735
0.079547
0.079349
0.079138
0.078916
0.078683
0.078439
0.078182
0.077914
0.077491
0.077194
0.076885
0.076564
0.076232
0.075887
0.075530
0.075161
0.074780
0.074387
0.073981
0.073563
0.072912
0.072463
0.072001
0.071527
0.071040
0.070541
0.070029
0.069505
0.068969
0.068421
0.067860
0.067288
0.066408
0.065808
0.065196
0.064574
0.063941
0.063299
0.062647
0.061985
0.061316
0.060638
0.059953
0.059260
0.058210
0.057503
0.056790
0.056073
0.055351
0.054627
0.053901
0.053172
0.052443
0.051713
0.050983
0.050254
0.049165
0.048441
0.047721
0.047005
0.046293
0.045587
0.044887
0.044193
0.043506
0.042826
0.042155
0.041492
0.040515
0.039875
0.039245
0.038626
0.038018
0.037420
0.036834
0.036259
0.035696
0.035145
0.034606
0.034080
0.033313
0.032818
0.032335
0.031865
0.031407
0.030962
0.030530
0.030110
0.029704
0.029310
0.028928
0.028559
0.028029
0.027691
0.027366
0.027053
0.026752
0.026464
0.026188
0.025924
0.025672
0.025432
0.025205
0.024990
0.024690
0.024505
0.024332
0.024172
0.024023
0.023887
0.023763
0.023651
0.023551
0.023463
0.023387
0.023324
0.023250
0.023217
0.023194
0.023184
0.023185
0.023197
0.023221
0.023256
0.023301
0.023356
0.023422
0.023498
0.023628
0.023726
0.023833
0.023947
0.024068
0.024195
0.024328
0.024467
0.024610
0.024756
0.024905
0.025056
0.025284
0.025436
0.025586
0.025734
0.025878
0.026017
0.026151
0.026277
0.026396
0.026505
0.026603
0.026690
0.026795
0.026847
0.026883
0.026901
0.026901
0.026881
0.026840
0.026776
0.026689
0.026577
0.026440
0.026275
0.025976
0.025739
0.025472
0.025174
0.024843
0.024479
0.024081
0.023648
0.023180
0.022675
0.022135
0.021557
0.020941
0.019948
0.019237
0.018488
0.017700
0.016875
0.016011
0.015109
0.014170
0.013192
0.012178
0.011128
0.010041
0.008346
0.007172
0.005966
0.004728
0.003459
0.002160
0.000831
-0.000522
-0.001902
-0.003307
-0.004734
-0.006182
-0.008387
-0.009879
-0.011386
-0.012905
-0.014434
-0.015972
-0.017516
-0.019064
-0.020613
-0.022162
-0.023708
-0.025248
-0.027544
-0.029061
-0.030565
-0.032053
-0.033522
-0.034970
-0.036394
-0.037793
-0.039164
-0.040505
-0.041812
-0.043085
-0.044923
-0.046101
-0.047234
-0.048324
-0.049367
-0.050362
-0.051307
-0.052201
-0.053041
-0.053825
-0.054554
-0.055226
-0.056122
-0.056645
-0.057106
-0.057504
-0.057838
-0.058109
-0.058315
-0.058456
-0.058531
-0.058541
-0.058485
-0.058362
-0.058055
-0.057767
-0.057414
-0.056996
-0.056513
-0.055966
-0.055355
-0.054681
-0.053944
-0.053147
-0.052289
-0.051372
-0.049889
-0.048829
-0.047712
-0.046543
-0.045322
-0.044049
-0.042728
-0.041358
-0.039942
-0.038482
-0.036977
-0.035433
-0.033045
-0.031406
-0.029733
-0.028026
-0.026289
-0.024523
-0.022730
-0.020913
-0.019072
-0.017211
-0.015330
-0.013433
-0.010561
-0.008629
-0.006691
-0.004744
-0.002792
-0.000836
0.001124
0.003078
0.005033
0.006980
0.008923
0.010860
0.013742
0.015648
0.017538
0.019412
0.021267
0.023102
0.024916
0.026705
0.028470
0.030208
0.031918
0.033601
0.036062
0.037663
0.039230
0.040762
0.042258
0.043717
0.045139
0.046518
0.047859
0.049159
0.050418
0.051637
0.053378
0.054486
0.055550
0.056569
0.057544
0.058473
0.059357
0.060195
0.060988
0.061735
0.062436
0.063091
0.063988
0.064529
0.065025
0.065475
0.065881
0.066241
0.066558
0.066830
0.067059
0.067244
0.067387
0.067486
0.067557
0.067553
0.067507
0.067421
0.067295
0.067130
0.066925
0.066682
0.066401
0.066082
0.065726
0.065333
0.064677
0.064195
0.063678
0.063127
0.062541
0.061922
0.061270
0.060585
0.059868
0.059119
0.058338
0.057526
0.056252
0.055363
0.054446
0.053499
0.052524
0.051519
0.050487
0.049427
0.048340
0.047225
0.046084
0.044917
0.043118
0.041887
0.040630
0.039351
0.038047
0.036720
0.035368
0.033996
0.032601
0.031185
0.029747
0.028288
0.026063
0.024554
0.023029
0.021485
0.019922
0.018343
0.016746
0.015136
0.013507
0.011867
0.010208
0.008543
0.006016
0.004316
0.002604
0.000883
-0.000848
-0.002586
-0.004335
-0.006090
-0.007854
-0.009621
-0.011398
-0.013178
-0.015853
-0.017644
-0.019435
-0.021228
-0.023022
-0.024815
-0.026608
-0.028400
-0.030190
-0.031976
-0.033759
-0.035536
-0.038193
-0.039957
-0.041712
-0.043459
-0.045195
-0.046920
-0.048635
-0.050338
-0.052027
-0.053702
-0.055362
-0.057005
-0.059436
-0.061033
-0.062611
-0.064165
-0.065695
-0.067202
-0.068686
-0.070139
-0.071566
-0.072963
-0.074332
-0.075663
-0.077600
-0.078846
-0.080055
-0.081224
-0.082353
-0.083439
-0.084481
-0.085478
-0.086427
-0.087327
-0.088177
-0.088974
-0.090067
-0.090727
-0.091328
-0.091868
-0.092347
-0.092762
-0.093112
-0.093395
-0.093610
-0.093754
-0.093825
-0.093823
-0.093678
-0.093484
-0.093210
-0.092855
-0.092417
-0.091894
-0.091285
-0.090588
-0.089802
-0.088925
-0.087954
-0.086892
-0.085118
-0.083815
-0.082411
-0.080908
-0.079303
-0.077596
-0.075785
-0.073869
-0.071846
-0.069717
-0.067479
-0.065132
-0.061404
-0.058777
-0.056040
-0.053191
-0.050228
-0.047151
-0.043964
-0.040654
-0.037233
-0.033696
-0.030029
-0.026277
-0.020414
-0.016358
-0.012188
-0.007905
-0.003507
0.001002
0.005630
0.010362
0.015200
0.020152
0.025210
0.030380
0.038315
0.043736
0.049255
0.054873
0.060584
0.066388
0.072281
0.078261
0.084319
0.090464
0.096686
0.102990
0.112567
0.119034
0.125563
0.132148
0.138788
0.145477
0.152209
0.158983
0.165792
0.172632
0.179499
0.186386
0.196746
0.203666
0.210595
0.217508
0.224422
0.231322
0.238205
0.245064
0.251895
0.258692
0.265448
0.272160
0.282129
0.288703
0.295213
0.301653
0.308017
0.314302
0.320501
0.326611
0.332624
0.338537
0.344346
0.350045
0.358378
0.363785
0.369067
0.374221
0.379243
0.384131
0.388885
0.393487
0.397951
0.402268
0.406436
0.410453
0.416191
0.419824
0.423303
0.426622
0.429779
0.432783
0.435634
0.438315
0.440845
0.443219
0.445438
0.447499
0.450307
0.451989
0.453527
0.454918
0.456165
0.457271
0.458243
0.459077
0.459783
0.460361
0.460815
0.461151
0.461439
0.461494
0.461444
0.461294
0.461048
0.460711
0.460287
0.459780
0.459197
0.458540
0.457816
0.457027
0.455735
0.454808
0.453833
0.452814
0.451756
0.450663
0.449537
0.448387
0.447213
0.446018
0.444807
0.443583
0.441730
0.440487
0.439241
0.437996
0.436752
0.435515
0.434280
0.433060
0.431847
0.430646
0.429459
0.428285
0.426556
0.425422
0.424306
0.423208
0.422128
0.421067
0.420021
0.418998
0.417991
0.417002
0.416031
0.415075
0.413675
0.412761
0.411861
0.410975
0.410102
0.409240
0.408391
0.407550
0.406719
0.405895
0.405078
0.404267
0.403059
0.402257
0.401457
0.400657
0.399858
0.399056
0.398252
0.397446
0.396635
0.395818
0.394995
0.394166
0.392906
0.392056
0.391196
0.390327
0.389447
0.388556
0.387652
0.386739
0.385812
0.384874
0.383919
0.382960
0.381490
0.380494
0.379486
0.378464
0.377431
0.376386
0.375329
0.374260
0.373181
0.372091
0.370991
0.369881
0.368199
0.367066
0.365927
0.364782
0.363630
0.362472
0.361309
0.360143
0.358972
0.357800
0.356626
0.355450
0.353687
0.352512
0.351339
0.350169
0.349001
0.347838
0.346679
0.345525
0.344378
0.343236
0.342101
0.340975
0.339300
0.338194
0.337097
0.336010
0.334935
0.333869
0.332812
0.331767
0.330733
0.329711
0.328700
0.327699
0.326220
0.325248
0.324287
0.323337
0.322398
0.321470
0.320552
0.319646
0.318747
0.317861
0.316981
0.316112
0.314825
0.313977
0.313137
0.312304
0.311478
0.310659
0.309847
0.309040
0.308239
0.307443
0.306652
0.305866
0.304695
0.303920
0.303148
0.302380
0.301615
0.300853
0.300095
0.299339
0.298587
0.297839
0.297092
0.296349
0.295241
0.294506
0.293774
0.293048
0.292325
0.291607
0.290893
0.290185
0.289481
0.288784
0.288092
0.287408
0.286395
0.285729
0.285071
0.284422
0.283783
0.283154
0.282534
0.281925
0.281328
0.280743
0.280170
0.279610
0.278795
0.278269
0.277758
0.277261
0.276780
0.276313
0.275863
0.275429
0.275011
0.274610
0.274226
0.273859
0.273341
0.273017
0.272711
0.272422
0.272151
0.271898
0.271662
0.271444
0.271242
0.271058
0.270892
0.270742
0.270548
0.270439
0.270346
0.270268
0.270206
0.270159
0.270126
0.270108
0.270102
0.270111
0.270131
0.270164
0.270208
0.270295
0.270366
0.270446
0.270535
0.270632
0.270737
0.270849
0.270967
0.271090
0.271217
0.271349
0.271483
0.271689
0.271828
0.271967
0.272105
0.272241
0.272376
0.272506
0.272633
0.272755
0.272870
0.272978
0.273079
0.273212
0.273289
0.273353
0.273407
0.273446
0.273472
0.273483
0.273477
0.273455
0.273415
0.273357
0.273279
0.273123
0.272993
0.272840
0.272663
0.272464
0.272239
0.271989
0.271713
0.271411
0.271082
0.270724
0.270339
0.269708
0.269250
0.268763
0.268247
0.267700
0.267123
0.266516
0.265878
0.265210
0.264512
0.263782
0.263023
0.261829
0.260995
0.260132
0.259241
0.258320
0.257372
0.256398
0.255396
0.254368
0.253314
0.252237
0.251135
0.249440
0.248283
0.247105
0.245908
0.244695
0.243463
0.242216
0.240954
0.239679
0.238392
0.237095
0.235788
0.233815
0.232492
0.231166
0.229837
0.228508
0.227178
0.225854
0.224533
0.223218
0.221911
0.220613
0.219326
0.217422
0.216171
0.214936
0.213721
0.212527
0.211355
0.210207
0.209087
0.207993
0.206928
0.205895
0.204894
0.203457
0.202544
0.201669
0.200834
0.200040
0.199288
0.198580
0.197917
0.197300
0.196731
0.196210
0.195739
0.195128
0.194787
0.194498
0.194263
0.194084
0.193959
0.193891
0.193880
0.193926
0.194031
0.194193
0.194414
0.194855
0.195224
0.195652
0.196138
0.196684
0.197289
0.197954
0.198677
0.199458
0.200299
0.201196
0.202151
0.203688
0.204784
0.205935
0.207141
0.208400
0.209713
0.211078
0.212493
0.213959
0.215472
0.217036
0.218646
0.221147
0.222870
0.224635
0.226442
0.228291
0.230179
0.232101
0.234062
0.236058
0.238086
0.240147
0.242238
0.245427
0.247587
0.249772
0.251979
0.254208
0.256457
0.258726
0.261007
0.263306
0.265616
0.267939
0.270271
0.273779
0.276129
0.278479
0.280831
0.283185
0.285534
0.287876
0.290215
0.292546
0.294868
0.297177
0.299474
0.302890
0.305145
0.307381
0.309596
0.311787
0.313953
0.316094
0.318205
0.320284
0.322333
0.324349
0.326329
0.329230
0.331115
0.332959
0.334761
0.336519
0.338232
0.339899
0.341518
0.343086
0.344605
0.346071
0.347484
0.349502
0.350775
0.351994
0.353154
0.354256
0.355297
0.356277
0.357196
0.358053
0.358847
0.359577
0.360244
0.361122
0.361627
0.362066
0.362440
0.362748
0.362990
0.363167
0.363279
0.363325
0.363306
0.363222
0.363074
0.362733
0.362427
0.362059
0.361630
0.361141
0.360592
0.359986
0.359323
0.358604
0.357831
0.357006
0.356129
0.354723
0.353727
0.352684
0.351601
0.350475
0.349310
0.348110
0.346875
0.345608
0.344311
0.342987
0.341638
0.339573
0.338172
0.336756
0.335325
0.333884
0.332435
0.330979
0.329520
0.328060
0.326602
0.325147
0.323699
0.321544
0.320122
0.318714
0.317323
0.315949
0.314596
0.313265
0.311957
0.310676
0.309420
0.308192
0.306994
0.305254
0.304133
0.303045
0.301990
0.300968
0.299981
0.299028
0.298110
0.297226
0.296377
0.295560
0.294780
0.293670
0.292971
0.292304
0.291669
0.291065
0.290489
0.289943
0.289425
0.288934
0.288469
0.288029
0.287613
0.287031
0.286671
0.286332
0.286011
0.285711
0.285428
0.285162
0.284913
0.284681
0.284464
0.284262
0.284075
0.283822
0.283672
0.283537
0.283415
0.283310
0.283219
0.283145
0.283086
0.283046
0.283022
0.283018
0.283034
0.283097
0.283168
0.283263
0.283383
0.283530
0.283706
0.283913
0.284151
0.284422
0.284729
0.285073
0.285455
0.286106
0.286593
0.287126
0.287704
0.288332
0.289009
0.289737
0.290520
0.291356
0.292249
0.293198
0.294207
0.295832
0.296991
0.298213
0.299498
0.300845
0.302258
0.303733
0.305274
0.306879
0.308549
0.310282
0.312080
0.314895
0.316848
0.318865
0.320942
0.323079
0.325275
0.327524
0.329833
0.332191
0.334602
0.337063
0.339572
0.343418
0.346036
0.348692
0.351386
0.354117
0.356879
0.359664
0.362480
0.365314
0.368170
0.371043
0.373930
0.378277
0.381185
0.384096
0.387007
0.389914
0.392819
0.395711
0.398592
0.401456
0.404303
0.407129
0.409931
0.414083
0.416814
0.419512
0.422175
0.424801
0.427386
0.429929
0.432429
0.434884
0.437291
0.439648
0.441955
0.445318
0.447493
0.449614
0.451678
0.453685
0.455638
0.457529
0.459364
0.461140
0.462857
0.464515
0.466115
0.468404
0.469857
0.471253
0.472591
0.473871
0.475097
0.476265
0.477380
0.478440
0.479448
0.480404
0.481309
0.482574
0.483356
0.484092
0.484782
0.485428
0.486032
0.486593
0.487114
0.487596
0.488039
0.488447
0.488819
0.489315
0.489604
0.489864
0.490095
0.490297
0.490472
0.490622
0.490748
0.490850
0.490930
0.490988
0.491028
0.491051
0.491045
0.491023
0.490985
0.490933
0.490867
0.490789
0.490699
0.490598
0.490487
0.490367
0.490238
0.490030
0.489882
0.489729
0.489570
0.489406
0.489238
0.489066
0.488891
0.488714
0.488535
0.488354
0.488172
0.487898
0.487716
0.487534
0.487354
0.487174
0.486997
0.486822
0.486649
0.486479
0.486312
0.486148
0.485988
0.485755
0.485605
0.485459
0.485317
0.485180
0.485047
0.484918
0.484794
0.484675
0.484559
0.484448
0.484340
0.484186
0.484087
0.483991
0.483898
0.483807
0.483718
0.483629
0.483541
0.483453
0.483364
0.483274
0.483181
0.483035
0.482933
0.482824
0.482710
0.482588
0.482458
0.482317
0.482166
0.482003
0.481826
0.481635
0.481428
0.481085
0.480833
0.480560
0.480266
0.479948
0.479606
0.479238
0.478844
0.478421
0.477968
0.477485
0.476970
0.476134
0.475533
0.474897
0.474223
0.473512
0.472762
0.471973
0.471144
0.470274
0.469362
0.468409
0.467414
0.465841
0.464741
0.463597
0.462410
0.461181
0.459909
0.458596
0.457241
0.455849
0.454415
0.452941
0.451431
0.449097
0.447497
0.445861
0.444196
0.442499
0.440770
0.439018
0.437237
0.435433
0.433607
0.431760
0.429895
0.427068
0.425164
0.423254
0.421333
0.419405
0.417471
0.415540
0.413606
0.411675
0.409749
0.407830
0.405919
0.403076
0.401198
0.399337
0.397494
0.395672
0.393872
0.392097
0.390348
0.388627
0.386935
0.385276
0.383647
0.381268
0.379727
0.378223
0.376756
0.375329
0.373941
0.372593
0.371287
0.370024
0.368802
0.367624
0.366488
0.364866
0.363839
0.362855
0.361914
0.361016
0.360160
0.359348
0.358577
0.357847
0.357158
0.356508
0.355898
0.355054
0.354538
0.354058
0.353612
0.353200
0.352821
0.352473
0.352156
0.351868
0.351607
0.351374
0.351165
0.350896
0.350745
0.350614
0.350502
0.350409
0.350331
0.350269
0.350222
0.350186
0.350163
0.350150
0.350145
0.350155
0.350169
0.350189
0.350213
0.350241
0.350272
0.350305
0.350340
0.350376
0.350411
0.350447
0.350482
0.350516
0.350565
0.350596
0.350625
0.350653
0.350679
0.350704
0.350728
0.350752
0.350775
0.350798
0.350822
0.350847
0.350887
0.350918
0.350952
0.350991
0.351035
0.351085
0.351142
0.351208
0.351282
0.351366
0.351462
0.351569
0.351756
0.351899
0.352057
0.352233
0.352426
0.352638
0.352871
0.353124
0.353399
0.353697
0.354019
0.354365
0.354931
0.355342
0.355780
0.356245
0.356739
0.357260
0.357811
0.358392
0.359002
0.359642
0.360312
0.361011
0.362116
0.362891
0.363695
0.364528
0.365391
0.366282
0.367200
0.368146
0.369118
0.370116
0.371138
0.372185
0.373797
0.374898
0.376021
0.377162
0.378320
0.379493
0.380682
0.381882
0.383096
0.384316
0.385545
0.386781
0.388640
0.389881
0.391122
0.392360
0.393592
0.394818
0.396034
0.397239
0.398429
0.399604
0.400760
0.401897
0.403557
0.404632
0.405677
0.406692
0.407675
0.408619
0.409527
0.410396
0.411220
0.412000
0.412747
0.413418
0.414347
0.414898
0.415393
0.415829
0.416205
0.416517
0.416766
0.416948
0.417062
0.417107
0.417079
0.416979
0.416690
0.416402
0.416036
0.415591
0.415066
0.414460
0.413773
0.413002
0.412148
0.411210
0.410186
0.409077
0.407255
0.405932
0.404521
0.403025
0.401442
0.399773
0.398016
0.396175
0.394247
0.392236
0.390140
0.387959
0.384533
0.382149
0.379681
0.377131
0.374504
0.371799
0.369014
0.366160
0.363228
0.360222
0.357146
0.354000
0.349150
0.345835
0.342454
0.339010
0.335501
0.331939
0.328313
0.324632
0.320896
0.317106
0.313265
0.309373
0.303446
0.299437
0.295385
0.291289
0.287154
0.282980
0.278769
0.274522
0.270242
0.265930
0.261588
0.257217
0.250612
0.246178
0.241726
0.237250
0.232755
0.228242
0.223715
0.219168
0.214612
0.210055
0.205486
0.200905
0.194041
0.189459
0.184880
0.180304
0.175734
0.171165
0.166617
0.162076
0.157549
0.153040
0.148549
0.144080
0.137422
0.133018
0.128648
0.124305
0.119995
0.115726
0.111498
0.107313
0.103173
0.099081
0.095040
0.091053
0.085180
0.081336
0.077554
0.073835
0.070179
0.066600
0.063087
0.059647
0.056281
0.052993
0.049782
0.046651
0.042109
0.039184
0.036344
0.033590
0.030922
0.028342
0.025849
0.023446
0.021130
0.018902
0.016764
0.014714
0.011809
0.009980
0.008239
0.006583
0.005012
0.003526
0.002122
0.000798
-0.000446
-0.001611
-0.002701
-0.003718
-0.005107
-0.005947
-0.006721
-0.007432
-0.008081
-0.008671
-0.009205
-0.009685
-0.010115
-0.010497
-0.010834
-0.011128
-0.011497
-0.011698
-0.011867
-0.012006
-0.012119
-0.012209
-0.012277
-0.012328
-0.012363
-0.012386
-0.012399
-0.012405
-0.012405
-0.012403
-0.012402
-0.012405
-0.012414
-0.012431
-0.012457
-0.012495
-0.012547
-0.012614
-0.012698
-0.012800
-0.012991
-0.013144
-0.013321
-0.013521
-0.013746
-0.013996
-0.014272
-0.014574
-0.014902
-0.015258
-0.015640
-0.016049
-0.016713
-0.017188
-0.017689
-0.018215
-0.018766
-0.019339
-0.019935
-0.020553
-0.021191
-0.021848
-0.022523
-0.023213
-0.024276
-0.025000
-0.025735
-0.026477
-0.027227
-0.027980
-0.028737
-0.029494
-0.030250
-0.031001
-0.031747
-0.032485
-0.033573
-0.034283
-0.034977
-0.035654
-0.036312
-0.036948
-0.037562
-0.038150
-0.038711
-0.039244
-0.039747
-0.040218
-0.040862
-0.041247
-0.041596
-0.041908
-0.042181
-0.042415
-0.042609
-0.042762
-0.042874
-0.042944
-0.042973
-0.042959
-0.042860
-0.042742
-0.042583
-0.042382
-0.042142
-0.041861
-0.041542
-0.041184
-0.040789
-0.040358
-0.039891
-0.039391
-0.038580
-0.038001
-0.037393
-0.036758
-0.036095
-0.035410
-0.034701
-0.033970
-0.033220
-0.032452
-0.031667
-0.030867
-0.029645
-0.028814
-0.027975
-0.027128
-0.026275
-0.025417
-0.024555
-0.023690
-0.022824
-0.021958
-0.021092
-0.020228
-0.018937
-0.018081
-0.017229
-0.016381
-0.015539
-0.014701
-0.013870
-0.013043
-0.012222
-0.011406
-0.010595
-0.009789
-0.008587
-0.007790
-0.006994
-0.006200
-0.005406
-0.004611
-0.003815
-0.003015
-0.002211
-0.001401
-0.000583
0.000244
0.001505
0.002361
0.003233
0.004122
0.005029
0.005957
0.006907
0.007881
0.008881
0.009909
0.010967
0.012056
0.013752
0.014927
0.016140
0.017390
0.018681
0.020013
0.021388
0.022807
0.024270
0.025778
0.027332
0.028935
0.031423
0.033142
0.034908
0.036721
0.038581
0.040487
0.042439
0.044435
0.046474
0.048556
0.050678
0.052839
0.056149
0.058399
0.060681
0.062992
0.065333
0.067692
0.070075
0.072476
0.074889
0.077316
0.079752
0.082192
0.085853
0.088290
0.090720
0.093137
0.095538
0.097920
0.100279
0.102611
0.104912
0.107180
0.109409
0.111598
0.114796
0.116867
0.118885
0.120848
0.122753
0.124597
0.126378
0.128095
0.129742
0.131321
0.132830
0.134268
0.136287
0.137541
0.138720
0.139825
0.140856
0.141813
0.142697
0.143508
0.144248
0.144918
0.145521
0.146057
0.146742
0.147123
0.147446
0.147715
0.147933
0.148102
0.148227
0.148311
0.148358
0.148372
0.148357
0.148317
0.148220
0.148136
0.148042
0.147944
0.147844
0.147747
0.147659
0.147582
0.147522
0.147482
0.147467
0.147480
0.147562
0.147663
0.147806
0.147994
0.148230
0.148517
0.148857
0.149255
0.149710
0.150228
0.150807
0.151451
0.152542
0.153353
0.154234
0.155184
0.156203
0.157293
0.158453
0.159684
0.160981
0.162348
0.163783
0.165286
0.167659
0.169321
0.171044
0.172826
0.174667
0.176560
0.178507
0.180506
0.182553
0.184640
0.186771
0.188942
0.192261
0.194518
0.196801
0.199108
0.201438
0.203787
0.206150
0.208526
0.210912
0.213302
0.215695
0.218088
0.221667
0.224044
0.226409
0.228760
0.231092
0.233405
0.235694
0.237959
0.240191
0.242394
0.244563
0.246699
0.249823
0.251856
0.253844
0.255788
0.257683
0.259528
0.261322
0.263065
0.264750
0.266382
0.267956
0.269471
0.271634
0.273000
0.274305
0.275548
0.276728
0.277845
0.278899
0.279890
0.280816
0.281680
0.282481
0.283218
0.284208
0.284790
0.285312
0.285773
0.286175
0.286519
0.286806
0.287038
0.287215
0.287339
0.287413
0.287436
0.287384
0.287293
0.287160
0.286986
0.286774
0.286527
0.286246
0.285935
0.285595
0.285230
0.284841
0.284432
0.283788
0.283341
0.282883
0.282418
0.281947
0.281476
0.281005
0.280538
0.280077
0.279626
0.279186
0.278761
0.278157
0.277780
0.277426
0.277099
0.276799
0.276531
0.276295
0.276093
0.275928
0.275801
0.275714
0.275668
0.275679
0.275742
0.275850
0.276005
0.276207
0.276456
0.276753
0.277099
0.277493
0.277936
0.278427
0.278966
0.279863
0.280520
0.281223
0.281970
0.282761
0.283594
0.284469
0.285384
0.286337
0.287326
0.288351
0.289408
0.291051
0.292183
0.293341
0.294522
0.295725
0.296949
0.298187
0.299442
0.300708
0.301986
0.303271
0.304561
0.305856
0.307797
0.309090
0.310377
0.311659
0.312929
0.314190
0.315437
0.316669
0.317884
0.319081
0.320257
0.321411
0.323097
0.324189
0.325253
0.326289
0.327295
0.328271
0.329215
0.330126
0.331005
0.331849
0.332659
0.333433
0.334529
0.335214
0.335864
0.336477
0.337055
0.337596
0.338102
0.338573
0.339008
0.339408
0.339774
0.340106
0.340542
0.340792
0.341011
0.341198
0.341355
0.341483
0.341582
0.341653
0.341697
0.341714
0.341706
0.341674
0.341581
0.341490
0.341377
0.341244
0.341090
0.340916
0.340723
0.340512
0.340283
0.340037
0.339773
0.339494
0.339045
0.338726
0.338392
0.338043
0.337679
0.337301
0.336907
0.336499
0.336077
0.335638
0.335185
0.334716
0.333984
0.333475
0.332949
0.332406
0.331845
0.331265
0.330667
0.330049
0.329410
0.328750
0.328069
0.327365
0.326266
0.325503
0.324714
0.323899
0.323060
0.322192
0.321297
0.320375
0.319422
0.318441
0.317428
0.316388
0.314769
0.313650
0.312500
0.311320
0.310110
0.308869
0.307598
0.306297
0.304968
0.303609
0.302222
0.300809
0.298641
0.297166
0.295668
0.294149
0.292610
0.291053
0.289481
0.287895
0.286297
0.284689
0.283073
0.281455
0.279023
0.277403
0.275787
0.274180
0.272582
0.270997
0.269429
0.267880
0.266354
0.264852
0.263379
0.261937
0.259840
0.258489
0.257180
0.255916
0.254699
0.253532
0.252417
0.251357
0.250354
0.249411
0.248529
0.247710
0.246604
0.245951
0.245366
0.244850
0.244406
0.244032
0.243731
0.243501
0.243344
0.243260
0.243247
0.243307
0.243528
0.243764
0.244068
0.244440
0.244878
0.245381
0.245946
0.246573
0.247259
0.248001
0.248800
0.249649
0.251017
0.251988
0.253003
0.254059
0.255154
0.256285
0.257449
0.258643
0.259866
0.261114
0.262384
0.263675
0.265643
0.266973
0.268316
0.269668
0.271028
0.272393
0.273761
0.275132
0.276502
0.277870
0.279236
0.280597
0.282628
0.283972
0.285309
0.286636
0.287954
0.289261
0.290558
0.291844
0.293118
0.294381
0.295632
0.296873
0.298712
0.299923
0.301124
0.302314
0.303495
0.304666
0.305828
0.306982
0.308127
0.309265
0.310395
0.311520
0.313196
0.314307
0.315413
0.316516
0.317615
0.318710
0.319803
0.320894
0.321982
0.323067
0.324151
0.325233
0.326852
0.327928
0.329002
0.330073
0.331142
0.332207
0.333267
0.334324
0.335374
0.336419
0.337457
0.338486
0.340013
0.341018
0.342012
0.342992
0.343958
0.344909
0.345841
0.346755
0.347651
0.348520
0.349368
0.350190
0.351372
0.352123
0.352841
0.353527
0.354176
0.354787
0.355359
0.355889
0.356374
0.356814
0.357206
0.357548
0.357962
0.358169
0.358319
0.358409
0.358439
0.358404
0.358304
0.358136
0.357898
0.357589
0.357206
0.356748
0.355915
0.355261
0.354525
0.353705
0.352801
0.351810
0.350732
0.349564
0.348306
0.346956
0.345514
0.343976
0.341494
0.339723
0.337853
0.335884
0.333823
0.331663
0.329406
0.327052
0.324602
0.322056
0.319412
0.316678
0.312401
0.309436
0.306382
0.303236
0.300012
0.296701
0.293310
0.289839
0.286297
0.282674
0.278986
0.275231
0.269484
0.265581
0.261625
0.257620
0.253572
0.249483
0.245359
0.241200
0.237025
0.232825
0.228609
0.224382
0.218033
0.213802
0.209578
0.205363
0.201174
0.197003
0.192859
0.188749
0.184675
0.180643
0.176658
0.172724
0.166927
0.163142
0.159418
0.155762
0.152177
0.148667
0.145234
0.141881
0.138609
0.135421
0.132319
0.129303
0.124944
0.122145
0.119439
0.116824
0.114295
0.111853
0.109497
0.107228
0.105044
0.102945
0.100924
0.098982
0.096209
0.094452
0.092764
0.091140
0.089580
0.088081
0.086637
0.085245
0.083902
0.082604
0.081347
0.080128
0.078360
0.077218
0.076099
0.075001
0.073919
0.072851
0.071793
0.070742
0.069694
0.068646
0.067596
0.066541
0.064943
0.063864
0.062772
0.061665
0.060541
0.059400
0.058239
0.057058
0.055856
0.054632
0.053385
0.052119
0.050176
0.048855
0.047512
0.046148
0.044768
0.043368
0.041952
0.040519
0.039075
0.037618
0.036151
0.034675
0.032451
0.030964
0.029477
0.027991
0.026509
0.025034
0.023567
0.022111
0.020669
0.019243
0.017835
0.016448
0.014412
0.013086
0.011789
0.010523
0.009289
0.008090
0.006928
0.005802
0.004719
0.003676
0.002676
0.001720
0.000372
-0.000467
-0.001259
-0.002002
-0.002694
-0.003336
-0.003928
-0.004467
-0.004956
-0.005392
-0.005776
-0.006108
-0.006507
-0.006709
-0.006858
-0.006957
-0.007004
-0.007002
-0.006949
-0.006846
-0.006695
-0.006497
-0.006250
-0.005958
-0.005434
-0.005029
-0.004581
-0.004090
-0.003559
-0.002987
-0.002375
-0.001726
-0.001039
-0.000316
0.000441
0.001233
0.002481
0.003352
0.004253
0.005182
0.006139
0.007123
0.008131
0.009163
0.010218
0.011295
0.012392
0.013508
0.015217
0.016376
0.017552
0.018739
0.019941
0.021156
0.022379
0.023613
0.024855
0.026104
0.027360
0.028621
0.030519
0.031789
0.033060
0.034333
0.035604
0.036875
0.038144
0.039410
0.040672
0.041930
0.043183
0.044430
0.046289
0.047518
0.048740
0.049954
0.051157
0.052351
0.053536
0.054709
0.055872
0.057024
0.058165
0.059293
0.060964
0.062061
0.063147
0.064221
0.065282
0.066330
0.067365
0.068387
0.069398
0.070393
0.071377
0.072347
0.073779
0.074718
0.075643
0.076557
0.077457
0.078345
0.079220
0.080083
0.080934
0.081772
0.082598
0.083411
0.084608
0.085391
0.086161
0.086919
0.087665
0.088399
0.089120
0.089829
0.090525
0.091209
0.091881
0.092540
0.093505
0.094132
0.094747
0.095350
0.095939
0.096516
0.097080
0.097631
0.098170
0.098696
0.099209
0.099710
0.100438
0.100908
0.101366
0.101812
0.102246
0.102669
0.103080
0.103481
0.103872
0.104251
0.104621
0.104983
0.105507
0.105846
0.106178
0.106502
0.106820
0.107132
0.107439
0.107740
0.108038
0.108332
0.108624
0.108913
0.109344
0.109631
0.109918
0.110206
0.110496
0.110787
0.111082
0.111380
0.111681
0.111987
0.112298
0.112614
0.113099
0.113430
0.113767
0.114111
0.114461
0.114819
0.115183
0.115553
0.115931
0.116315
0.116705
0.117101
0.117704
0.118113
0.118525
0.118940
0.119358
0.119777
0.120197
0.120617
0.121036
0.121451
0.121862
0.122269
0.122867
0.123255
0.123634
0.124001
0.124356
0.124696
0.125021
0.125328
0.125617
0.125884
0.126130
0.126352
0.126637
0.126793
0.126921
0.127018
0.127083
0.127116
0.127114
0.127076
0.127002
0.126890
0.126739
0.126549
0.126187
0.125893
0.125557
0.125178
0.124757
0.124292
0.123783
0.123230
0.122632
0.121992
0.121307
0.120579
0.119407
0.118571
0.117694
0.116776
0.115818
0.114820
0.113784
0.112711
0.111599
0.110455
0.109276
0.108064
0.106821
0.104900
0.103584
0.102242
0.100875
0.099485
0.098073
0.096641
0.095190
0.093723
0.092239
0.090741
0.089231
0.086946
0.085411
0.083870
0.082323
0.080771
0.079217
0.077662
0.076104
0.074551
0.072998
0.071450
0.069906
0.067601
0.066074
0.064555
0.063045
0.061546
0.060058
0.058580
0.057115
0.055667
0.054231
0.052812
0.051406
0.049327
0.047962
0.046614
0.045284
0.043972
0.042678
0.041403
0.040144
0.038911
0.037693
0.036496
0.035319
0.033590
0.032464
0.031358
0.030273
0.029208
0.028163
0.027142
0.026138
0.025158
0.024198
0.023260
0.022342
0.021004
0.020139
0.019292
0.018469
0.017666
0.016883
0.016120
0.015376
0.014654
0.013950
0.013266
0.012602
0.011641
0.011023
0.010424
0.009844
0.009280
0.008734
0.008204
0.007691
0.007195
0.006714
0.006249
0.005798
0.005149
0.004733
0.004330
0.003940
0.003562
0.003195
0.002839
0.002493
0.002157
0.001829
0.001510
0.001198
0.000744
0.000448
0.000157
-0.000130
-0.000413
-0.000693
-0.000971
-0.001249
-0.001525
-0.001803
-0.002081
-0.002362
-0.002789
-0.003079
-0.003375
-0.003676
-0.003984
-0.004301
-0.004626
-0.004961
-0.005306
-0.005662
-0.006031
-0.006413
-0.007013
-0.007432
-0.007867
-0.008319
-0.008788
-0.009277
-0.009784
-0.010312
-0.010859
-0.011428
-0.012020
-0.012633
-0.013597
-0.014269
-0.014964
-0.015685
-0.016430
-0.017199
-0.017995
-0.018816
-0.019661
-0.020532
-0.021429
-0.022351
-0.023779
-0.024763
-0.025771
-0.026803
-0.027858
-0.028936
-0.030036
-0.031158
-0.032298
-0.033460
-0.034640
-0.035838
-0.037667
-0.038905
-0.040159
-0.041422
-0.042699
-0.043985
-0.045280
-0.046584
-0.047892
-0.049205
-0.050521
-0.051839
-0.053815
-0.055130
-0.056442
-0.057747
-0.059046
-0.060336
-0.061617
-0.062887
-0.064142
-0.065384
-0.066611
-0.067820
-0.069599
-0.070760
-0.071902
-0.073019
-0.074112
-0.075181
-0.076224
-0.077242
-0.078230
-0.079192
-0.080125
-0.081028
-0.082326
-0.083154
-0.083950
-0.084715
-0.085448
-0.086150
-0.086821
-0.087460
-0.088066
-0.088641
-0.089184
-0.089697
-0.090408
-0.090844
-0.091250
-0.091627
-0.091975
-0.092294
-0.092586
-0.092851
-0.093090
-0.093303
-0.093491
-0.093655
-0.093858
-0.093966
-0.094053
-0.094119
-0.094166
-0.094195
-0.094205
-0.094200
-0.094178
-0.094141
-0.094091
-0.094027
-0.093908
-0.093815
-0.093712
-0.093600
-0.093479
-0.093350
-0.093215
-0.093073
-0.092926
-0.092774
-0.092618
-0.092459
-0.092216
-0.092051
-0.091885
-0.091718
-0.091552
-0.091385
-0.091220
-0.091055
-0.090893
-0.090733
-0.090575
-0.090419
-0.090192
-0.090044
-0.089900
-0.089760
-0.089623
-0.089490
-0.089362
-0.089236
-0.089116
-0.088998
-0.088885
-0.088775
-0.088616
-0.088515
-0.088416
-0.088319
-0.088225
-0.088133
-0.088042
-0.087953
-0.087864
-0.087775
-0.087686
-0.087595
-0.087457
-0.087362
-0.087263
-0.087161
-0.087055
-0.086943
-0.086826
-0.086701
-0.086569
-0.086429
-0.086280
-0.086120
-0.085861
-0.085672
-0.085471
-0.085255
-0.085025
-0.084779
-0.084515
-0.084234
-0.083934
-0.083615
-0.083274
-0.082913
-0.082327
-0.081906
-0.081461
-0.080990
-0.080492
-0.079966
-0.079411
-0.078826
-0.078213
-0.077567
-0.076889
-0.076179
-0.075050
-0.074255
-0.073424
-0.072557
-0.071654
-0.070714
-0.069737
-0.068720
-0.067670
-0.066579
-0.065449
-0.064280
-0.062454
-0.061189
-0.059884
-0.058540
-0.057157
-0.055737
-0.054278
-0.052779
-0.051250
-0.049681
-0.048075
-0.046434
-0.043907
-0.042181
-0.040422
-0.038632
-0.036811
-0.034961
-0.033084
-0.031176
-0.029250
-0.027296
-0.025319
-0.023321
-0.020289
-0.018243
-0.016180
-0.014105
-0.012016
-0.009915
-0.007802
-0.005678
-0.003555
-0.001423
0.000716
0.002854
0.006064
0.008203
0.010342
0.012471
0.014598
0.016717
0.018827
0.020933
0.023021
0.025102
0.027171
0.029226
0.032280
0.034298
0.036298
0.038281
0.040245
0.042191
0.044118
0.046029
0.047912
0.049777
0.051621
0.053443
0.056135
0.057901
0.059645
0.061365
0.063062
0.064737
0.066387
0.068017
0.069616
0.071195
0.072749
0.074279
0.076527
0.077996
0.079442
0.080861
0.082256
0.083625
0.084969
0.086291
0.087581
0.088850
0.090092
0.091308
0.093082
0.094231
0.095356
0.096453
0.097523
0.098566
0.099581
0.100571
0.101530
0.102464
0.103369
0.104247
0.105512
0.106321
0.107102
0.107854
0.108579
0.109277
0.109947
0.110592
0.111207
0.111796
0.112359
0.112896
0.113654
0.114128
0.114577
0.115003
0.115406
0.115786
0.116144
0.116482
0.116799
0.117096
0.117375
0.117635
0.117994
0.118214
0.118419
0.118610
0.118788
0.118954
0.119109
0.119253
0.119387
0.119513
0.119632
0.119742
0.119897
0.119993
0.120084
0.120171
0.120254
0.120333
0.120410
0.120484
0.120555
0.120624
0.120690
0.120754
0.120844
0.120901
0.120954
0.121003
0.121048
0.121088
0.121121
0.121149
0.121168
0.121179
0.121180
0.121170
0.121132
0.121089
0.121030
0.120954
0.120860
0.120745
0.120608
0.120447
0.120261
0.120047
0.119804
0.119531
0.119058
0.118698
0.118301
0.117865
0.117387
0.116867
0.116301
0.115688
0.115029
0.114319
0.113556
0.112743
0.111418
0.110464
0.109453
0.108383
0.107253
0.106061
0.104808
0.103491
0.102113
0.100671
0.099163
0.097592
0.095113
0.093379
0.091580
0.089718
0.087792
0.085802
0.083750
0.081634
0.079461
0.077226
0.074933
0.072582
0.068952
0.066465
0.063924
0.061338
0.058703
0.056021
0.053296
0.050527
0.047726
0.044886
0.042012
0.039108
0.034699
0.031731
0.028741
0.025734
0.022711
0.019677
0.016635
0.013585
0.010538
0.007490
0.004445
0.001408
-0.003124
-0.006129
-0.009114
-0.012076
-0.015014
-0.017923
-0.020801
-0.023644
-0.026452
-0.029218
-0.031941
-0.034618
-0.038542
-0.041093
-0.043591
-0.046027
-0.048405
-0.050723
-0.052975
-0.055165
-0.057280
-0.059328
-0.061304
-0.063206
-0.065918
-0.067629
-0.069264
-0.070819
-0.072293
-0.073688
-0.074998
-0.076230
-0.077373
-0.078437
-0.079415
-0.080310
-0.081495
-0.082180
-0.082783
-0.083302
-0.083739
-0.084094
-0.084369
-0.084563
-0.084678
-0.084716
-0.084677
-0.084562
-0.084253
-0.083957
-0.083591
-0.083158
-0.082659
-0.082096
-0.081471
-0.080787
-0.080047
-0.079251
-0.078402
-0.077504
-0.076070
-0.075058
-0.074006
-0.072917
-0.071793
-0.070637
-0.069452
-0.068239
-0.067005
-0.065749
-0.064476
-0.063189
-0.061237
-0.059925
-0.058610
-0.057292
-0.055974
-0.054660
-0.053352
-0.052052
-0.050765
-0.049490
-0.048231
-0.046989
-0.045166
-0.043978
-0.042812
-0.041675
-0.040565
-0.039485
-0.038434
-0.037415
-0.036430
-0.035476
-0.034559
-0.033675
-0.032418
-0.031622
-0.030863
-0.030140
-0.029453
-0.028802
-0.028186
-0.027604
-0.027057
-0.026542
-0.026060
-0.025608
-0.024988
-0.024609
-0.024257
-0.023932
-0.023629
-0.023349
-0.023090
-0.022849
-0.022625
-0.022416
-0.022219
-0.022034
-0.021772
-0.021604
-0.021440
-0.021276
-0.021112
-0.020944
-0.020770
-0.020588
-0.020396
-0.020191
-0.019970
-0.019732
-0.019475
-0.019046
-0.018729
-0.018384
-0.018009
-0.017601
-0.017159
-0.016680
-0.016163
-0.015605
-0.015005
-0.014360
-0.013668
-0.012541
-0.011725
-0.010858
-0.009938
-0.008963
-0.007932
-0.006843
-0.005696
-0.004490
-0.003224
-0.001899
-0.000512
0.001683
0.003223
0.004823
0.006485
0.008207
0.009989
0.011829
0.013728
0.015683
0.017695
0.019757
0.021873
0.025140
0.027376
0.029656
0.031979
0.034340
0.036735
0.039166
0.041620
0.044102
0.046606
0.049127
0.051661
0.055478
0.058026
0.060572
0.063112
0.065639
0.068150
0.070643
0.073104
0.075535
0.077930
0.080283
0.082589
0.085949
0.088114
0.090216
0.092247
0.094204
0.096082
0.097876
0.099579
0.101190
0.102703
0.104115
0.105423
0.107177
0.108206
0.109115
0.109904
0.110571
0.111112
0.111526
0.111810
0.111963
0.111984
0.111871
0.111625
0.111003
0.110420
0.109703
0.108852
0.107869
0.106754
0.105509
0.104137
0.102639
0.101017
0.099274
0.097413
0.094406
0.092264
0.090013
0.087662
0.085214
0.082674
0.080042
0.077325
0.074524
0.071654
0.068712
0.065704
0.061080
0.057931
0.054735
0.051497
0.048222
0.044916
0.041576
0.038228
0.034856
0.031475
0.028088
0.024701
0.019627
0.016257
0.012905
0.009570
0.006256
0.002972
-0.000284
-0.003499
-0.006679
-0.009817
-0.012909
-0.015958
-0.020426
-0.023343
-0.026199
-0.028996
-0.031733
-0.034407
-0.037020
-0.039562
-0.042039
-0.044449
-0.046790
-0.049061
-0.052338
-0.054434
-0.056459
-0.058414
-0.060298
-0.062111
-0.063855
-0.065526
-0.067128
-0.068661
-0.070126
-0.071524
-0.073493
-0.074724
-0.075888
-0.076989
-0.078026
-0.079001
-0.079915
-0.080767
-0.081561
-0.082296
-0.082974
-0.083596
-0.084425
-0.084910
-0.085343
-0.085724
-0.086055
-0.086336
-0.086569
-0.086755
-0.086894
-0.086988
-0.087038
-0.087045
-0.086977
-0.086881
-0.086745
-0.086571
-0.086360
-0.086113
-0.085829
-0.085513
-0.085163
-0.084781
-0.084369
-0.083926
-0.083210
-0.082698
-0.082160
-0.081598
-0.081012
-0.080404
-0.079775
-0.079125
-0.078457
-0.077771
-0.077068
-0.076349
-0.075245
-0.074492
-0.073728
-0.072953
-0.072168
-0.071375
-0.070573
-0.069766
-0.068952
-0.068133
-0.067310
-0.066483
-0.065239
-0.064407
-0.063575
-0.062742
-0.061909
-0.061077
-0.060245
-0.059416
-0.058587
-0.057760
-0.056936
-0.056114
-0.054885
-0.054068
-0.053254
-0.052443
-0.051633
-0.050825
-0.050019
-0.049215
-0.048411
-0.047609
-0.046807
-0.046006
-0.044803
-0.044000
-0.043196
-0.042390
-0.041582
-0.040772
-0.039959
-0.039143
-0.038323
-0.037498
-0.036670
-0.035836
-0.034578
-0.033731
-0.032877
-0.032019
-0.031154
-0.030283
-0.029405
-0.028522
-0.027632
-0.026736
-0.025833
-0.024925
-0.023551
-0.022629
-0.021701
-0.020769
-0.019832
-0.018891
-0.017947
-0.017002
-0.016054
-0.015104
-0.014154
-0.013203
-0.011778
-0.010831
-0.009886
-0.008944
-0.008008
-0.007076
-0.006151
-0.005232
-0.004321
-0.003420
-0.002528
-0.001647
-0.000347
0.000504
0.001342
0.002164
0.002972
0.003764
0.004540
0.005297
0.006037
0.006759
0.007461
0.008143
0.009130
0.009762
0.010372
0.010963
0.011531
0.012077
0.012602
0.013104
0.013585
0.014045
0.014482
0.014899
0.015483
0.015847
0.016190
0.016513
0.016816
0.017101
0.017367
0.017615
0.017846
0.018060
0.018258
0.018440
0.018688
0.018835
0.018971
0.019094
0.019206
0.019309
0.019402
0.019486
0.019563
0.019633
0.019697
0.019756
0.019837
0.019887
0.019934
0.019980
0.020025
0.020069
0.020114
0.020160
0.020208
0.020258
0.020311
0.020366
0.020457
0.020523
0.020593
0.020668
0.020748
0.020834
0.020925
0.021021
0.021124
0.021232
0.021346
0.021466
0.021656
0.021790
0.021929
0.022073
0.022223
0.022377
0.022536
0.022698
0.022865
0.023035
0.023209
0.023386
0.023655
0.023837
0.024021
0.024206
0.024393
0.024579
0.024766
0.024953
0.025140
0.025326
0.025511
0.025695
0.025968
0.026148
0.026327
0.026503
0.026678
0.026850
0.027021
0.027189
0.027356
0.027520
0.027683
0.027845
0.028085
0.028243
0.028401
0.028559
0.028717
0.028875
0.029033
0.029193
0.029355
0.029519
0.029686
0.029855
0.030117
0.030297
0.030481
0.030671
0.030867
0.031070
0.031280
0.031497
0.031723
0.031956
0.032199
0.032451
0.032847
0.033125
0.033412
0.033710
0.034019
0.034340
0.034672
0.035015
0.035370
0.035737
0.036115
0.036504
0.037109
0.037528
0.037956
0.038395
0.038845
0.039304
0.039773
0.040251
0.040738
0.041233
0.041735
0.042245
0.043021
0.043546
0.044075
0.044609
0.045146
0.045686
0.046229
0.046773
0.047317
0.047862
0.048406
0.048949
0.049759
0.050296
0.050827
0.051356
0.051879
0.052396
0.052908
0.053412
0.053909
0.054398
0.054879
0.055351
0.056041
0.056489
0.056926
0.057353
0.057769
0.058174
0.058567
0.058949
0.059319
0.059676
0.060021
0.060354
0.060829
0.061130
0.061418
0.061693
0.061955
0.062205
0.062441
0.062664
0.062874
0.063070
0.063254
0.063424
0.063655
0.063792
0.063916
0.064027
0.064124
0.064208
0.064279
0.064336
0.064380
0.064409
0.064426
0.064428
0.064406
0.064373
0.064327
0.064266
0.064191
0.064102
0.063998
0.063879
0.063745
0.063597
0.063433
0.063254
0.062957
0.062740
0.062508
0.062259
0.061996
0.061716
0.061421
0.061110
0.060784
0.060442
0.060084
0.059711
0.059122
0.058710
0.058284
0.057842
0.057386
0.056916
0.056430
0.055933
0.055422
0.054897
0.054360
0.053810
0.052964
0.052386
0.051797
0.051198
0.050590
0.049973
0.049348
0.048715
0.048075
0.047428
0.046776
0.046119
0.045125
0.044457
0.043787
0.043116
0.042443
0.041769
0.041094
0.040420
0.039747
0.039076
0.038407
0.037741
0.036747
0.036089
0.035436
0.034788
0.034144
0.033506
0.032873
0.032246
0.031625
0.031010
0.030400
0.029797
0.028902
0.028313
0.027729
0.027150
0.026576
0.026005
0.025439
0.024875
0.024313
0.023753
0.023194
0.022635
0.021794
0.021230
0.020663
0.020091
0.019513
0.018927
0.018332
0.017728
0.017113
0.016484
0.015840
0.015181
0.014157
0.013450
0.012722
0.011969
0.011192
0.010388
0.009555
0.008693
0.007799
0.006871
0.005909
0.004911
0.003344
0.002248
0.001112
-0.000066
-0.001286
-0.002551
-0.003861
-0.005214
-0.006615
-0.008062
-0.009556
-0.011096
-0.013493
-0.015150
-0.016852
-0.018601
-0.020392
-0.022226
-0.024103
-0.026015
-0.027969
-0.029959
-0.031983
-0.034039
-0.037177
-0.039306
-0.041446
-0.043613
-0.045792
-0.047979
-0.050176
-0.052377
-0.054575
-0.056770
-0.058953
-0.061120
-0.064331
-0.066442
-0.068518
-0.070556
-0.072551
-0.074497
-0.076392
-0.078222
-0.079990
-0.081687
-0.083308
-0.084847
-0.086992
-0.088306
-0.089520
-0.090629
-0.091629
-0.092514
-0.093282
-0.093925
-0.094442
-0.094828
-0.095080
-0.095194
-0.095166
-0.094855
-0.094464
-0.093923
-0.093231
-0.092386
-0.091387
-0.090230
-0.088926
-0.087464
-0.085847
-0.084076
-0.082152
-0.078984
-0.076683
-0.074238
-0.071649
-0.068921
-0.066055
-0.063059
-0.059931
-0.056678
-0.053305
-0.049816
-0.046214
-0.040616
-0.036770
-0.032827
-0.028801
-0.024697
-0.020522
-0.016278
-0.011979
-0.007634
-0.003240
0.001190
0.005651
0.012389
0.016891
0.021404
0.025915
0.030419
0.034916
0.039381
0.043824
0.048233
0.052604
0.056929
0.061205
0.067514
0.071641
0.075701
0.079694
0.083602
0.087438
0.091184
0.094846
0.098420
0.101902
0.105295
0.108585
0.113343
0.116391
0.119340
0.122189
0.124938
0.127588
0.130138
0.132592
0.134946
0.137205
0.139370
0.141441
0.144380
0.146229
0.147993
0.149675
0.151279
0.152805
0.154258
0.155640
0.156955
0.158208
0.159398
0.160533
0.162133
0.163138
0.164098
0.165017
0.165896
0.166741
0.167552
0.168335
0.169092
0.169825
0.170538
0.171233
0.172247
0.172909
0.173560
0.174205
0.174843
0.175478
0.176110
0.176741
0.177372
0.178005
0.178640
0.179278
0.180241
0.180889
0.181541
0.182196
0.182857
0.183520
0.184188
0.184857
0.185528
0.186200
0.186872
0.187543
0.188543
0.189204
0.189859
0.190506
0.191142
0.191768
0.192379
0.192975
0.193554
0.194112
0.194648
0.195160
0.195878
0.196320
0.196729
0.197105
0.197443
0.197743
0.198001
0.198216
0.198385
0.198507
0.198580
0.198601
0.198531
0.198415
0.198242
0.198010
0.197718
0.197363
0.196947
0.196467
0.195922
0.195312
0.194637
0.193897
0.192663
0.191759
0.190790
0.189755
0.188657
0.187496
0.186273
0.184990
0.183647
0.182247
0.180792
0.179283
0.176923
0.175288
0.173611
0.171888
0.170127
0.168328
0.166493
0.164630
0.162737
0.160821
0.158884
0.156929
0.153969
0.151985
0.149994
0.147999
0.146005
0.144013
0.142029
0.140056
0.138095
0.136151
0.134228
0.132324
0.129513
0.127674
0.125864
0.124087
0.122342
0.120634
0.118963
0.117330
0.115737
0.114185
0.112675
0.111206
0.109084
0.107724
0.106407
0.105133
0.103904
0.102717
0.101573
0.100472
0.099411
0.098393
0.097414
0.096475
0.095136
0.094292
0.093483
0.092709
0.091968
0.091260
0.090583
0.089936
0.089319
0.088731
0.088169
0.087633
0.086877
0.086404
0.085952
0.085524
0.085117
0.084731
0.084365
0.084019
0.083692
0.083384
0.083094
0.082823
0.082449
0.082221
0.082010
0.081817
0.081640
0.081481
0.081338
0.081211
0.081102
0.081009
0.080932
0.080872
0.080813
0.080793
0.080790
0.080802
0.080830
0.080874
0.080933
0.081006
0.081094
0.081197
0.081313
0.081442
0.081661
0.081821
0.081993
0.082175
0.082368
0.082570
0.082780
0.082999
0.083224
0.083456
0.083694
0.083936
0.084307
0.084557
0.084809
0.085063
0.085317
0.085570
0.085822
0.086073
0.086320
0.086564
0.086804
0.087040
0.087384
0.087606
0.087822
0.088032
0.088234
0.088429
0.088616
0.088796
0.088968
0.089132
0.089288
0.089435
0.089642
0.089770
0.089890
0.090003
0.090108
0.090207
0.090299
0.090384
0.090463
0.090537
0.090605
0.090669
0.090756
0.090810
0.090860
0.090908
0.090953
0.090997
0.091040
0.091083
0.091125
0.091168
0.091212
0.091257
0.091329
0.091380
0.091435
0.091494
0.091556
0.091624
0.091697
0.091775
0.091859
0.091950
0.092048
0.092153
0.092326
0.092451
0.092584
0.092727
0.092879
0.093040
0.093212
0.093393
0.093585
0.093788
0.094001
0.094226
0.094585
0.094839
0.095105
0.095383
0.095674
0.095977
0.096293
0.096621
0.096963
0.097318
0.097687
0.098069
0.098668
0.099084
0.099515
0.099960
0.100419
0.100893
0.101381
0.101884
0.102403
0.102936
0.103485
0.104048
0.104924
0.105528
0.106147
0.106784
0.107436
0.108105
0.108792
0.109495
0.110216
0.110955
0.111713
0.112489
0.113689
0.114512
0.115356
0.116220
0.117104
0.118010
0.118936
0.119885
0.120857
0.121850
0.122867
0.123908
0.125514
0.126615
0.127742
0.128895
0.130074
0.131280
0.132513
0.133773
0.135061
0.136377
0.137721
0.139094
0.141208
0.142654
0.144130
0.145636
0.147171
0.148735
0.150330
0.151954
0.153608
0.155291
0.157004
0.158743
0.161408
0.163220
0.165059
0.166925
0.168819
0.170736
0.172678
0.174645
0.176632
0.178642
0.180674
0.182725
0.185837
0.187934
0.190045
0.192170
0.194308
0.196457
0.198615
0.200781
0.202954
0.205131
0.207312
0.209495
0.212765
0.214943
0.217116
0.219282
0.221439
0.223585
0.225719
0.227839
0.229944
0.232028
0.234095
0.236139
0.239160
0.241141
0.243094
0.245017
0.246908
0.248765
0.250589
0.252375
0.254122
0.255829
0.257495
0.259118
0.261472
0.262980
0.264443
0.265858
0.267223
0.268538
0.269801
0.271011
0.272169
0.273273
0.274322
0.275317
0.276706
0.277562
0.278363
0.279107
0.279796
0.280429
0.281007
0.281529
0.281997
0.282410
0.282769
0.283075
0.283436
0.283612
0.283738
0.283815
0.283843
0.283825
0.283760
0.283651
0.283498
0.283303
0.283068
0.282793
0.282310
0.281944
0.281543
0.281109
0.280645
0.280151
0.279629
0.279080
0.278506
0.277909
0.277289
0.276649
0.275651
0.274966
0.274263
0.273546
0.272815
0.272071
0.271315
0.270549
0.269774
0.268990
0.268199
0.267399
0.266189
0.265375
0.264557
0.263734
0.262908
0.262078
0.261245
0.260410
0.259573
0.258732
0.257890
0.257046
0.255777
0.254927
0.254077
0.253225
0.252372
0.251516
0.250658
0.249798
0.248937
0.248073
0.247206
0.246338
0.245029
0.244153
0.243274
0.242392
0.241506
0.240617
0.239724
0.238827
0.237927
0.237022
0.236113
0.235200
0.233820
0.232897
0.231967
0.231032
0.230094
0.229149
0.228200
0.227246
0.226286
0.225321
0.224350
0.223374
0.221899
0.220909
0.219914
0.218912
0.217905
0.216892
0.215872
0.214848
0.213817
0.212780
0.211737
0.210688
0.209104
0.208040
0.206971
0.205895
0.204813
0.203726
0.202632
0.201533
0.200429
0.199319
0.198203
0.197082
0.195391
0.194259
0.193119
0.191976
0.190829
0.189677
0.188522
0.187363
0.186201
0.185036
0.183868
0.182698
0.180939
0.179764
0.178589
0.177413
0.176236
0.175059
0.173884
0.172709
0.171536
0.170365
0.169197
0.168031
0.166289
0.165134
0.163982
0.162836
0.161696
0.160562
0.159435
0.158315
0.157202
0.156099
0.155004
0.153918
0.152308
0.151246
0.150196
0.149157
0.148130
0.147116
0.146113
0.145124
0.144147
0.143185
0.142237
0.141303
0.139930
0.139033
0.138151
0.137285
0.136434
0.135600
0.134782
0.133981
0.133196
0.132429
0.131677
0.130943
0.129874
0.129183
0.128509
0.127852
0.127212
0.126590
0.125984
0.125395
0.124824
0.124269
0.123731
0.123209
0.122457
0.121977
0.121511
0.121062
0.120628
0.120208
0.119804
0.119414
0.119038
0.118676
0.118327
0.117991
0.117668
0.117206
0.116912
0.116629
0.116357
0.116094
0.115841
0.115598
0.115361
0.115134
0.114913
0.114699
0.114492
0.114190
0.113995
0.113804
0.113616
0.113431
0.113248
0.113066
0.112886
0.112706
0.112525
0.112344
0.112161
0.111883
0.111694
0.111502
0.111305
0.111104
0.110898
0.110686
0.110469
0.110245
0.110014
0.109776
0.109530
0.109146
0.108879
0.108604
0.108319
0.108025
0.107722
0.107408
0.107085
0.106752
0.106410
0.106057
0.105693
0.105130
0.104742
0.104344
0.103935
0.103517
0.103091
0.102654
0.102208
0.101754
0.101290
0.100819
0.100340
0.099607
0.099109
0.098605
0.098094
0.097578
0.097056
0.096529
0.095997
0.095462
0.094923
0.094381
0.093836
0.093015
0.092466
0.091915
0.091365
0.090814
0.090263
0.089714
0.089166
0.088619
0.088075
0.087533
0.086995
0.086195
0.085666
0.085141
0.084622
0.084107
0.083598
0.083094
0.082596
0.082105
0.081620
0.081142
0.080670
0.079976
0.079523
0.079077
0.078639
0.078208
0.077786
0.077371
0.076964
0.076565
0.076174
0.075792
0.075418
0.074871
0.074517
0.074172
0.073834
0.073504
0.073183
0.072870
0.072564
0.072267
0.071978
0.071696
0.071422
0.071026
0.070772
0.070526
0.070287
0.070056
0.069832
0.069616
0.069407
0.069206
0.069012
0.068826
0.068647
0.068392
0.068231
0.068078
0.067932
0.067793
0.067662
0.067537
0.067421
0.067312
0.067210
0.067115
0.067028
0.066911
0.066843
0.066782
0.066729
0.066683
0.066645
0.066615
0.066592
0.066577
0.066570
0.066571
0.066579
0.066607
0.066636
0.066672
0.066716
0.066768
0.066829
0.066897
0.066973
0.067057
0.067150
0.067250
0.067358
0.067535
0.067662
0.067798
0.067941
0.068091
0.068249
0.068415
0.068587
0.068767
0.068954
0.069147
0.069347
0.069658
0.069873
0.070094
0.070321
0.070553
0.070789
0.071030
0.071276
0.071525
0.071777
0.072032
0.072290
0.072681
0.072944
0.073207
0.073471
0.073734
0.073997
0.074259
0.074519
0.074776
0.075031
0.075282
0.075529
0.075888
0.076121
0.076347
0.076566
0.076777
0.076980
0.077173
0.077356
0.077529
0.077691
0.077841
0.077979
0.078160
0.078265
0.078354
0.078429
0.078489
0.078533
0.078561
0.078572
0.078566
0.078544
0.078503
0.078446
0.078326
0.078224
0.078104
0.077966
0.077810
0.077637
0.077446
0.077239
0.077014
0.076773
0.076516
0.076244
0.075808
0.075499
0.075177
0.074843
0.074497
0.074140
0.073773
0.073397
0.073013
0.072622
0.072225
0.071824
0.071215
0.070806
0.070397
0.069988
0.069581
0.069176
0.068776
0.068382
0.067994
0.067615
0.067244
0.066884
0.066366
0.066037
0.065723
0.065424
0.065142
0.064878
0.064632
0.064406
0.064201
0.064017
0.063855
0.063716
0.063552
0.063473
0.063420
0.063392
0.063389
0.063413
0.063463
0.063540
0.063644
0.063775
0.063933
0.064118
0.064445
0.064696
0.064974
0.065278
0.065607
0.065962
0.066341
0.066745
0.067172
0.067623
0.068096
0.068591
0.069373
0.069920
0.070487
0.071071
0.071674
0.072294
0.072930
0.073581
0.074246
0.074925
0.075616
0.076318
0.077393
0.078122
0.078859
0.079605
0.080357
0.081116
0.081879
0.082646
0.083418
0.084192
0.084967
0.085745
0.086910
0.087687
0.088462
0.089235
0.090004
0.090770
0.091532
0.092288
0.093039
0.093785
0.094523
0.095254
0.096335
0.097044
0.097745
0.098436
0.099116
0.099786
0.100446
0.101093
0.101728
0.102351
0.102962
0.103559
0.104430
0.104994
0.105544
0.106079
0.106600
0.107106
0.107597
0.108073
0.108533
0.108978
0.109408
0.109821
0.110412
0.110785
0.111143
0.111485
0.111810
0.112119
0.112413
0.112690
0.112951
0.113195
0.113424
0.113636
0.113926
0.114099
0.114256
0.114398
0.114524
0.114636
0.114732
0.114813
0.114880
0.114932
0.114970
0.114994
0.115004
0.114995
0.114972
0.114936
0.114888
0.114827
0.114755
0.114672
0.114578
0.114472
0.114357
0.114232
0.114026
0.113879
0.113723
0.113559
0.113388
0.113210
0.113027
0.112837
0.112643
0.112444
0.112242
0.112036
0.111723
0.111512
0.111301
0.111088
0.110877
0.110666
0.110457
0.110251
0.110048
0.109848
0.109653
0.109464
0.109191
0.109017
0.108852
0.108694
0.108545
0.108407
0.108278
0.108160
0.108053
0.107959
0.107877
0.107808
0.107730
0.107696
0.107676
0.107671
0.107682
0.107708
0.107750
0.107809
0.107883
0.107975
0.108082
0.108207
0.108425
0.108592
0.108775
0.108974
0.109190
0.109422
0.109670
0.109933
0.110212
0.110506
0.110814
0.111136
0.111645
0.112000
0.112368
0.112747
0.113138
0.113539
0.113950
0.114369
0.114797
0.115233
0.115676
0.116125
0.116808
0.117269
0.117734
0.118201
0.118671
0.119141
0.119612
0.120083
0.120552
0.121020
0.121486
0.121949
0.122635
0.123087
0.123534
0.123975
0.124410
0.124837
0.125257
0.125670
0.126075
0.126470
0.126857
0.127235
0.127784
0.128138
0.128481
0.128815
0.129139
0.129453
0.129756
0.130050
0.130333
0.130606
0.130870
0.131123
0.131486
0.131717
0.131938
0.132151
0.132356
0.132552
0.132741
0.132923
0.133097
0.133265
0.133427
0.133583
0.133807
0.133950
0.134089
0.134224
0.134355
0.134483
0.134608
0.134731
0.134851
0.134970
0.135087
0.135202
0.135374
0.135488
0.135601
0.135715
0.135828
0.135942
0.136055
0.136169
0.136284
0.136399
0.136514
0.136630
0.136805
0.136922
0.137040
0.137157
0.137275
0.137393
0.137511
0.137628
0.137744
0.137860
0.137975
0.138089
0.138257
0.138366
0.138474
0.138579
0.138682
0.138782
0.138879
0.138973
0.139063
0.139150
0.139233
0.139311
0.139421
0.139489
0.139552
0.139610
0.139664
0.139712
0.139755
0.139794
0.139827
0.139856
0.139879
0.139897
0.139915
0.139922
0.139923
0.139920
0.139913
0.139902
0.139887
0.139868
0.139846
0.139821
0.139793
0.139762
0.139713
0.139677
0.139641
0.139603
0.139565
0.139527
0.139489
0.139451
0.139415
0.139380
0.139346
0.139315
0.139273
0.139249
0.139228
0.139211
0.139198
0.139189
0.139186
0.139187
0.139194
0.139207
0.139226
0.139250
0.139300
0.139341
0.139389
0.139445
0.139508
0.139577
0.139655
0.139740
0.139833
0.139933
0.140041
0.140157
0.140344
0.140480
0.140622
0.140772
0.140930
0.141095
0.141267
0.141446
0.141633
0.141826
0.142026
0.142232
0.142554
0.142777
0.143005
0.143239
0.143479
0.143724
0.143975
0.144230
0.144491
0.144757
0.145027
0.145302
0.145722
0.146007
0.146296
0.146590
0.146888
0.147187
0.147491
0.147799
0.148110
0.148425
0.148742
0.149063
0.149550
0.149879
0.150211
0.150546
0.150884
0.151225
0.151570
0.151917
0.152268
0.152622
0.152979
0.153340
0.153887
0.154256
0.154628
0.155004
0.155384
0.155766
0.156152
0.156542
0.156935
0.157332
0.157733
0.158137
0.158545
0.159163
0.159579
0.159999
0.160423
0.160849
0.161279
0.161712
0.162149
0.162588
0.163030
0.163474
0.163922
0.164596
0.165049
0.165503
0.165959
0.166416
0.166875
0.167334
0.167793
0.168254
0.168713
0.169172
0.169631
0.170316
0.170770
0.171222
0.171672
0.172119
0.172562
0.173001
0.173435
0.173865
0.174289
0.174708
0.175119
0.175723
0.176116
0.176501
0.176877
0.177243
0.177599
0.177945
0.178280
0.178603
0.178913
0.179211
0.179496
0.179897
0.180147
0.180381
0.180600
0.180804
0.180991
0.181161
0.181314
0.181450
0.181568
0.181668
0.181750
0.181838
0.181874
0.181890
0.181888
0.181867
0.181826
0.181767
0.181689
0.181592
0.181477
0.181343
0.181191
0.180930
0.180734
0.180522
0.180292
0.180047
0.179786
0.179510
0.179220
0.178916
0.178599
0.178269
0.177927
0.177395
0.177027
0.176650
0.176264
0.175871
0.175471
0.175064
0.174653
0.174236
0.173816
0.173392
0.172967
0.172327
0.171899
0.171473
0.171047
0.170623
0.170202
0.169783
0.169369
0.168959
0.168554
0.168155
0.167762
0.167185
0.166809
0.166441
0.166080
0.165729
0.165387
0.165053
0.164730
0.164416
0.164112
0.163818
0.163534
0.163129
0.162873
0.162628
0.162393
0.162171
0.161960
0.161761
0.161574
0.161398
0.161234
0.161082
0.160942
0.160756
0.160647
0.160550
0.160466
0.160394
0.160335
0.160288
0.160254
0.160233
0.160225
0.160230
0.160247
0.160298
0.160347
0.160410
0.160486
0.160575
0.160676
0.160790
0.160917
0.161057
0.161209
0.161374
0.161550
0.161837
0.162043
0.162260
0.162488
0.162726
0.162975
0.163233
0.163501
0.163777
0.164061
0.164353
0.164651
0.165111
0.165423
0.165741
0.166061
0.166385
0.166711
0.167037
0.167363
0.167688
0.168012
0.168332
0.168649
0.169114
0.169416
0.169711
0.169997
0.170274
0.170539
0.170793
0.171034
0.171262
0.171474
0.171671
0.171850
0.172087
0.172220
0.172334
0.172427
0.172498
0.172547
0.172573
0.172575
0.172552
0.172505
0.172431
0.172332
0.172132
0.171965
0.171771
0.171547
0.171296
0.171016
0.170707
0.170369
0.170001
0.169603
0.169175
0.168717
0.167975
0.167442
0.166879
0.166286
0.165661
0.165006
0.164320
0.163602
0.162854
0.162074
0.161263
0.160419
0.159094
0.158169
0.157212
0.156221
0.155196
0.154137
0.153043
0.151914
0.150749
0.149547
0.148309
0.147031
0.145044
0.143671
0.142256
0.140800
0.139302
0.137763
0.136180
0.134552
0.132879
0.131161
0.129397
0.127586
0.124780
0.122849
0.120869
0.118838
0.116761
0.114630
0.112453
0.110225
0.107947
0.105620
0.103243
0.100817
0.097089
0.094545
0.091954
0.089317
0.086642
0.083919
0.081162
0.078363
0.075525
0.072656
0.069755
0.066827
0.062382
0.059390
0.056379
0.053351
0.050311
0.047262
0.044206
0.041149
0.038093
0.035044
0.032005
0.028979
0.024475
0.021503
0.018560
0.015645
0.012772
0.009941
0.007156
0.004423
0.001743
-0.000879
-0.003439
-0.005932
-0.009536
-0.011845
-0.014074
-0.016223
-0.018277
-0.020245
-0.022120
-0.023899
-0.025580
-0.027159
-0.028635
-0.030005
-0.031859
-0.032958
-0.033946
-0.034821
-0.035583
-0.036232
-0.036766
-0.037185
-0.037489
-0.037679
-0.037755
-0.037717
-0.037449
-0.037131
-0.036703
-0.036166
-0.035524
-0.034776
-0.033924
-0.032974
-0.031922
-0.030777
-0.029536
-0.028206
-0.026049
-0.024505
-0.022883
-0.021177
-0.019407
-0.017562
-0.015650
-0.013676
-0.011643
-0.009553
-0.007411
-0.005221
-0.001854
0.000442
0.002773
0.005144
0.007531
0.009947
0.012384
0.014838
0.017303
0.019781
0.022265
0.024754
0.028484
0.030965
0.033439
0.035904
0.038350
0.040781
0.043193
0.045582
0.047949
0.050284
0.052591
0.054866
0.058215
0.060402
0.062550
0.064658
0.066724
0.068747
0.070727
0.072660
0.074547
0.076387
0.078180
0.079924
0.082446
0.084067
0.085638
0.087161
0.088631
0.090054
0.091428
0.092754
0.094032
0.095264
0.096450
0.097590
0.099216
0.100248
0.101238
0.102190
0.103099
0.103973
0.104812
0.105616
0.106385
0.107125
0.107834
0.108516
0.109490
0.110109
0.110706
0.111283
0.111842
0.112384
0.112909
0.113422
0.113922
0.114413
0.114894
0.115369
0.116069
0.116533
0.116991
0.117452
0.117910
0.118371
0.118833
0.119300
0.119771
0.120247
0.120729
0.121219
0.121967
0.122475
0.122992
0.123520
0.124054
0.124599
0.125154
0.125719
0.126292
0.126875
0.127469
0.128071
0.128989
0.129612
0.130242
0.130880
0.131524
0.132174
0.132829
0.133488
0.134152
0.134818
0.135487
0.136156
0.137161
0.137830
0.138498
0.139162
0.139823
0.140479
0.141131
0.141775
0.142412
0.143042
0.143662
0.144273
0.145169
0.145752
0.146323
0.146882
0.147426
0.147957
0.148474
0.148975
0.149460
0.149930
0.150384
0.150822
0.151447
0.151843
0.152223
0.152585
0.152931
0.153261
0.153574
0.153871
0.154153
0.154419
0.154671
0.154908
0.155237
0.155441
0.155632
0.155812
0.155981
0.156140
0.156290
0.156432
0.156567
0.156695
0.156818
0.156937
0.157110
0.157223
0.157335
0.157448
0.157564
0.157682
0.157804
0.157931
0.158065
0.158206
0.158356
0.158515
0.158774
0.158963
0.159164
0.159380
0.159611
0.159857
0.160121
0.160402
0.160702
0.161020
0.161358
0.161716
0.162292
0.162703
0.163134
0.163589
0.164064
0.164560
0.165079
0.165620
0.166182
0.166766
0.167370
0.167995
0.168969
0.169643
0.170335
0.171045
0.171771
0.172513
0.173270
0.174041
0.174824
0.175619
0.176425
0.177239
0.178475
0.179307
0.180142
0.180981
0.181821
0.182663
0.183501
0.184337
0.185169
0.185994
0.186812
0.187622
0.188818
0.189600
0.190368
0.191123
0.191860
0.192580
0.193282
0.193965
0.194628
0.195269
0.195888
0.196484
0.197332
0.197867
0.198377
0.198861
0.199318
0.199749
0.200154
0.200532
0.200882
0.201206
0.201503
0.201773
0.202130
0.202335
0.202515
0.202670
0.202801
0.202908
0.202992
0.203055
0.203096
0.203116
0.203117
0.203099
0.203040
0.202980
0.202905
0.202817
0.202715
0.202602
0.202478
0.202346
0.202204
0.202056
0.201901
0.201742
0.201497
0.201330
0.201162
0.200994
0.200827
0.200662
0.200499
0.200340
0.200186
0.200036
0.199893
0.199756
0.199564
0.199446
0.199336
0.199235
0.199143
0.199060
0.198987
0.198924
0.198870
0.198827
0.198793
0.198769
0.198750
0.198750
0.198758
0.198774
0.198799
0.198831
0.198870
0.198916
0.198967
0.199024
0.199085
0.199150
0.199253
0.199324
0.199396
0.199468
0.199540
0.199610
0.199677
0.199742
0.199802
0.199857
0.199907
0.199951
0.200001
0.200025
0.200039
0.200043
0.200037
0.200019
0.199990
0.199949
0.199894
0.199827
0.199746
0.199651
0.199542
0.199351
0.199206
0.199046
0.198871
0.198682
0.198478
0.198259
0.198026
0.197780
0.197519
0.197245
0.196958
0.196504
0.196186
0.195857
0.195516
0.195165
0.194805
0.194435
0.194057
0.193670
0.193275
0.192874
0.192467
0.191846
0.191426
0.191001
0.190573
0.190142
0.189707
0.189271
0.188833
0.188393
0.187953
0.187512
0.187070
0.186407
0.185965
0.185523
0.185081
0.184640
0.184199
0.183759
0.183318
0.182878
0.182438
0.181997
0.181556
0.180894
0.180451
0.180007
0.179561
0.179113
0.178663
0.178211
0.177755
0.177296
0.176834
0.176368
0.175898
0.175184
0.174703
0.174217
0.173725
0.173228
0.172727
0.172220
0.171707
0.171189
0.170666
0.170138
0.169606
0.168798
0.168255
0.167708
0.167157
0.166604
0.166049
0.165492
0.164935
0.164377
0.163819
0.163263
0.162710
0.161885
0.161340
0.160801
0.160269
0.159743
0.159226
0.158718
0.158221
0.157735
0.157262
0.156802
0.156357
0.155718
0.155313
0.154926
0.154557
0.154209
0.153881
0.153574
0.153290
0.153027
0.152788
0.152574
0.152384
0.152145
0.152018
0.151918
0.151843
0.151794
0.151772
0.151777
0.151808
0.151866
0.151950
0.152061
0.152198
0.152451
0.152651
0.152877
0.153127
0.153401
0.153698
0.154018
0.154360
0.154724
0.155109
0.155515
0.155940
0.156612
0.157082
0.157570
0.158074
0.158593
0.159128
0.159676
0.160238
0.160812
0.161399
0.161996
0.162603
0.163533
0.164164
0.164803
0.165450
0.166103
0.166764
0.167429
0.168100
0.168776
0.169456
0.170139
0.170826
0.171861
0.172555
0.173250
0.173946
0.174643
0.175341
0.176039
0.176737
0.177434
0.178131
0.178827
0.179521
0.180559
0.181248
0.181936
0.182619
0.183300
0.183978
0.184652
0.185323
0.185990
0.186652
0.187309
0.187962
0.188932
0.189572
0.190206
0.190836
0.191460
0.192078
0.192689
0.193295
0.193894
0.194488
0.195075
0.195657
0.196516
0.197082
0.197642
0.198195
0.198743
0.199287
0.199823
0.200355
0.200883
0.201405
0.201924
0.202438
0.203203
0.203709
0.204212
0.204713
0.205213
0.205711
0.206208
0.206705
0.207202
0.207700
0.208199
0.208700
0.209456
0.209964
0.210475
0.210991
0.211511
0.212036
0.212567
0.213103
0.213647
0.214197
0.214755
0.215321
0.216184
0.216771
0.217367
0.217972
0.218586
0.219210
0.219845
0.220488
0.221143
0.221808
0.222484
0.223169
0.224216
0.224928
0.225650
0.226382
0.227124
0.227877
0.228639
0.229411
0.230192
0.230983
0.231782
0.232590
0.233818
0.234647
0.235485
0.236328
0.237180
0.238038
0.238903
0.239774
0.240651
0.241534
0.242422
0.243316
0.244663
0.245568
0.246477
0.247389
0.248305
0.249225
0.250147
0.251074
0.252000
0.252931
0.253863
0.254797
0.256201
0.257139
0.258079
0.259019
0.259960
0.260901
0.261844
0.262784
0.263727
0.264668
0.265608
0.266547
0.267952
0.268887
0.269819
0.270749
0.271675
0.272598
0.273518
0.274433
0.275343
0.276249
0.277147
0.278040
0.279366
0.280239
0.281106
0.281960
0.282807
0.283643
0.284467
0.285280
0.286079
0.286865
0.287638
0.288394
0.289498
0.290213
0.290910
0.291587
0.292245
0.292881
0.293497
0.294090
0.294659
0.295204
0.295725
0.296219
0.296909
0.297335
0.297732
0.298099
0.298435
0.298741
0.299015
0.299256
0.299463
0.299637
0.299776
0.299879
0.299967
0.299980
0.299956
0.299894
0.299794
0.299656
0.299479
0.299263
0.299007
0.298712
0.298378
0.298003
0.297367
0.296893
0.296379
0.295826
0.295233
0.294601
0.293929
0.293220
0.292472
0.291686
0.290864
0.290005
0.288648
0.287701
0.286719
0.285704
0.284657
0.283579
0.282471
0.281333
0.280167
0.278974
0.277756
0.276511
0.274606
0.273309
0.271989
0.270655
0.269303
0.267938
0.266559
0.265168
0.263766
0.262356
0.260940
0.259518
0.257379
0.255952
0.254525
0.253100
0.251679
0.250264
0.248855
0.247455
0.246065
0.244686
0.243320
0.241968
0.239969
0.238657
0.237365
0.236091
0.234837
0.233606
0.232396
0.231210
0.230047
0.228908
0.227794
0.226705
0.225119
0.224095
0.223097
0.222125
0.221178
0.220258
0.219364
0.218493
0.217650
0.216830
0.216035
0.215263
0.214147
0.213430
0.212735
0.212059
0.211402
0.210763
0.210142
0.209536
0.208945
0.208368
0.207803
0.207250
0.206440
0.205910
0.205387
0.204871
0.204359
0.203852
0.203347
0.202843
0.202339
0.201835
0.201330
0.200821
0.200052
0.199532
0.199007
0.198476
0.197937
0.197390
0.196834
0.196270
0.195696
0.195112
0.194518
0.193912
0.192984
0.192352
0.191709
0.191054
0.190388
0.189712
0.189024
0.188326
0.187618
0.186899
0.186172
0.185435
0.184313
0.183555
0.182790
0.182018
0.181240
0.180456
0.179668
0.178875
0.178080
0.177280
0.176479
0.175677
0.174472
0.173669
0.172868
0.172067
0.171270
0.170476
0.169685
0.168898
0.168115
0.167339
0.166567
0.165802
0.164667
0.163919
0.163179
0.162447
0.161722
0.161006
0.160298
0.159599
0.158909
0.158227
0.157554
0.156890
0.155910
0.155266
0.154631
0.154005
0.153385
0.152775
0.152170
0.151573
0.150982
0.150398
0.149819
0.149246
0.148395
0.147833
0.147275
0.146720
0.146168
0.145618
0.145070
0.144523
0.143977
0.143431
0.142885
0.142338
0.141514
0.140963
0.140409
0.139851
0.139291
0.138726
0.138157
0.137582
0.137003
0.136417
0.135825
0.135227
0.134316
0.133699
0.133075
0.132443
0.131802
0.131152
0.130493